"1" "2" "3" "4" "5" "6" "7" "8" "9" "10" "11" "12" "13" "14" "15" "16" "17" "18" "19" "20" "21" "22" "23" "24" "25"
"0" 0.31366680453 0.28579782888 0.26069248847 0.23788866212 0.21703169704 0.19784358181 0.18009893824 0.16361919691 0.14824937036 0.1338699151 0.12036888785 0.10766098158 0.0955578894137577 0.0831346889079772 0.0721909655195928 0.0619453553958177 0.0523392641462143 0.0433183892900409 0.0348243867657709 0.0268050544762424 0.019491321364214 0.0137584448895878 0.00887117378095565 0.00504706163285379 0.00239010762102891
"1" 0.224059565268 0.203395012128 0.184779665532 0.167870867472 0.152405646624 0.138177860436 0.125020393344 0.112800837996 0.101404272816 0.09074205756 0.08073118746 0.071308408248 0.0621498663220124 0.051883583643063 0.0435213721126307 0.0359360153570558 0.0290220832464588 0.0226808923540089 0.0168171007369268 0.0113480723457077 0.00693298427506943 0.00420098109195004 0.00221129183622426 0.000954985118989928 0.000307631595180785
"2" 0.148619954564 0.134980125344 0.122692893836 0.111532085456 0.101324123552 0.091932941828 0.083248234112 0.075182603708 0.067660195568 0.06062250188 0.05401473458 0.047795142104 0.0418049167510062 0.0352009688126186 0.0296836476866144 0.0246525218262507 0.0200464102199919 0.0158075687926548 0.0118791434140302 0.00821125697208347 0.00517622666946939 0.00321573020337267 0.00175028630150457 0.000791695707072239 0.000272618333588139
"3" 0.07318034386 0.06656523856 0.06060612214 0.05519330344 0.05024260048 0.04568802322 0.04147607488 0.03756436942 0.03391611832 0.0305029462 0.0272982817 0.02428187596 0.02145996718 0.0185183539821742 0.0158459232605982 0.0133690282954457 0.011070737193525 0.00893424523130073 0.00694118609113361 0.00507444159845921 0.00341946906386934 0.0022304793147953 0.00128928076678488 0.00062840629515455 0.000237605071995493
"4" 0.0696346570466667 0.0633386671466667 0.0576670209533333 0.0525153188533333 0.04780343984 0.04346857726 0.03945981504 0.03573681186 0.0322645538933333 0.0290160346 0.0259659644333333 0.0230950713466667 0.0204056781887827 0.01757999866974 0.0150512758805394 0.0127049242042118 0.0105254247338455 0.00849736876334217 0.00660383367929614 0.00482902783158342 0.00327039121513808 0.00213853337925249 0.00124012006945744 0.000607042982234826 0.00023089209162053
"5" 0.0660889702333333 0.0601120957333333 0.0547279197666667 0.0498373342666667 0.0453642792 0.0412491313 0.0374435552 0.0339092543 0.0306129894666667 0.027529123 0.0246336471666667 0.0219082667333333 0.0193513891975655 0.0166416433573058 0.0142566285004805 0.0120408201129779 0.00998011227416595 0.0080604922953836 0.00626648126745868 0.00458361406470762 0.00312131336640681 0.00204658744370967 0.00119095937213 0.000585679669315102 0.000224179111245566
"6" 0.06254328342 0.05688552432 0.05178881858 0.04715934968 0.04292511856 0.03902968534 0.03542729536 0.03208169674 0.02896142504 0.0260422114 0.0233013299 0.02072146212 0.0182971002063482 0.0157032880448716 0.0134619811204217 0.0113767160217441 0.00943479981448643 0.00762361582742504 0.00592912885562122 0.00433820029783183 0.00297223551767555 0.00195464150816686 0.00114179867480257 0.000564316356395378 0.000217466130870602
"7" 0.0589975966066667 0.0536589529066667 0.0488497173933333 0.0444813650933333 0.04048595792 0.03681023938 0.03341103552 0.03025413918 0.0273098606133333 0.0245552998 0.0219690126333333 0.0195346575066667 0.017242811215131 0.0147649327324374 0.0126673337403628 0.0107126119305102 0.00888948735480691 0.00718673935946647 0.00559177644378375 0.00409278653095603 0.00282315766894428 0.00186269557262405 0.00109263797747513 0.000542953043475654 0.000210753150495638
"8" 0.058902279952 0.053585084992 0.048795171248 0.044444369408 0.040465014336 0.036804063504 0.033418516416 0.030274303344 0.027341853824 0.02459835984 0.02202246344 0.019597888672 0.0173150113835701 0.0148911646319553 0.0127947243332491 0.0108390567161308 0.0090135447324711 0.00730757711228035 0.00570908609847914 0.00420667829474545 0.00291642237433258 0.00193138076671269 0.00114028633504641 0.000571517740007216 0.000224476829505716
"9" 0.062257333456 0.056663920576 0.051625180144 0.047048362624 0.042862287808 0.039011157712 0.035449738048 0.032142189232 0.029057404672 0.02617139152 0.02346168232 0.020911155616 0.0185137007116657 0.0160819837434252 0.0138441528990805 0.0117560503786059 0.009806971947479 0.00798612908586666 0.00628105781970736 0.00467987558920006 0.00325202963384045 0.00216069709043277 0.00128474374751642 0.000650010445990065 0.000258637167900836
"10" 0.06561238696 0.05974275616 0.05445518904 0.04965235584 0.04525956128 0.04121825192 0.03748095968 0.03401007512 0.03077295552 0.0277444232 0.0249009012 0.02222442256 0.0197123900397612 0.0172728028548952 0.0148935814649119 0.012673044041081 0.0106003991624869 0.00866468105945297 0.00685302954093559 0.00515307288365468 0.00358763689334832 0.00239001341415285 0.00142920115998643 0.000728503151972914 0.000292797506295956
"11" 0.068967440464 0.062821591744 0.057285197936 0.052256349056 0.047656834752 0.043425346128 0.039512181312 0.035877961008 0.032488506368 0.02931745488 0.02634012008 0.023537689504 0.0209110793678567 0.0184636219663651 0.0159430100307432 0.0135900377035561 0.0113938263774948 0.00934323303303928 0.00742500126216382 0.00562627017810929 0.00392324415285619 0.00261932973787294 0.00157365857245644 0.000806995857955763 0.000326957844691075
"12" 0.072322493968 0.065900427328 0.060115206832 0.054860342272 0.050054108224 0.045632440336 0.041543402944 0.037745846896 0.034204057216 0.03089048656 0.02777933896 0.024850956448 0.0221097686959522 0.0196544410778351 0.0169924385965746 0.0145070313660312 0.0121872535925027 0.0100217850066256 0.00799697298339205 0.00609946747256391 0.00425885141236405 0.00284864606159302 0.00171811598492645 0.000885488563938612 0.000361118183086195
"13" 0.075789752649 0.069080874504 0.063037284251 0.057547735796 0.052526853832 0.047907712873 0.043636057792 0.039668901703 0.035968934588 0.03250737883 0.029257286405 0.026198121414 0.023336210487 0.0208531344249946 0.0180503788389729 0.0154326206949829 0.0129888518587397 0.0107076321429288 0.00857497907897368 0.00657712518849574 0.0046180398040548 0.00308316849591315 0.00186717262176833 0.000967464074598519 0.000397405848284097
"14" 0.079369216507 0.072362933272 0.066051430193 0.060318529628 0.055075071576 0.050251163739 0.045790145856 0.041647125429 0.037783138484 0.03416813169 0.030773962415 0.027579184402 0.024590404741 0.0220597020078438 0.019116830757938 0.0163668056904112 0.013798621176206 0.011400774441949 0.0091590195489087 0.00705924332590479 0.00500080932792843 0.00332289704083332 0.00202082848298208 0.00105292238993548 0.00043582084028478
"15" 0.082948680365 0.07564499204 0.069065576135 0.06308932346 0.05762328932 0.052594614605 0.04794423392 0.043625349155 0.03959734238 0.03582888455 0.032290638425 0.02896024739 0.025844598995 0.023266269590693 0.0201832826769031 0.0173009906858396 0.0146083904936722 0.0120939167409691 0.00974306001884373 0.00754136146331383 0.00538357885180206 0.0035626255857535 0.00217448434419582 0.00113838070527245 0.000474235832285462
"16" 0.086528144223 0.078927050808 0.072079722077 0.065860117292 0.060171507064 0.054938065471 0.050098321984 0.045603572881 0.041411546276 0.03748963741 0.033807314435 0.030341310378 0.027098793249 0.0244728371735421 0.0212497345958682 0.0182351756812679 0.0154181598111384 0.0127870590399893 0.0103271004887788 0.00802347960072287 0.00576634837567569 0.00380235413067367 0.00232814020540957 0.00122383902060941 0.000512650824286145
"17" 0.090107608081 0.082209109576 0.075093868019 0.068630911124 0.062719724808 0.057281516337 0.052252410048 0.047581796607 0.043225750172 0.03915039027 0.035323990445 0.031722373366 0.028352987503 0.0256794047563913 0.0223161865148333 0.0191693606766963 0.0162279291286047 0.0134802013390094 0.0109111409587138 0.00850559773813192 0.00614911789954931 0.00404208267559384 0.00248179606662331 0.00130929733594638 0.000551065816286828
"18" 0.092969716485 0.08483423556 0.077505512015 0.07084864394 0.06476010148 0.059158727845 0.05397873088 0.049167982795 0.04468123982 0.04048360495 0.036542399825 0.03283272171 0.029362242555 0.0266378481742199 0.0231720155346245 0.0199263848591147 0.0168903059175638 0.0140523977040154 0.011397773873007 0.00891134724849276 0.00647526484501568 0.00426218674461031 0.00262773269177532 0.0013938719038667 0.000591075553992983
"19" 0.095114469435 0.08680242876 0.079314654065 0.07251331574 0.06629263708 0.060569699995 0.05527728448 0.050362131445 0.04577801522 0.04148928145 0.037462542575 0.03367235541 0.030126558405 0.027348167427028 0.0238172216552416 0.0205062482285233 0.0174052901780158 0.0145036481350073 0.0117869992316583 0.0092407281318054 0.00674478921207478 0.00446266633772306 0.00276595008086558 0.00147756272437036 0.000632680037404609
"20" 0.097259222385 0.08877062196 0.081123796115 0.07417798754 0.06782517268 0.061980672145 0.05657583808 0.051556280095 0.04687479062 0.04249495795 0.038382685325 0.03451198911 0.030890874255 0.0280584866798361 0.0244624277758587 0.0210861115979318 0.0179202744384679 0.0149548985659991 0.0121762245903097 0.00957010901511805 0.00701431357913388 0.00466314593083582 0.00290416746995584 0.00156125354487403 0.000674284520816235
"21" 0.099403975335 0.09073881516 0.082932938165 0.07584265934 0.06935770828 0.063391644295 0.05787439168 0.052750428745 0.04797156602 0.04350063445 0.039302828075 0.03535162281 0.031655190105 0.0287688059326442 0.0251076338964757 0.0216659749673404 0.0184352586989199 0.0154061489969909 0.012565449948961 0.00989948989843069 0.00728383794619298 0.00486362552394857 0.0030423848590461 0.0016449443653777 0.000715889004227862
"22" 0.101548728285 0.09270700836 0.084742080215 0.07750733114 0.07089024388 0.064802616445 0.05917294528 0.053944577395 0.04906834142 0.04450631095 0.040222970825 0.03619125651 0.032419505955 0.0294791251854523 0.0257528400170928 0.0222458383367489 0.018950242959372 0.0158573994279828 0.0129546753076124 0.0102288707817433 0.00755336231325208 0.00506410511706133 0.00318060224813637 0.00172863518588137 0.000757493487639488
"23" 0.10391975104 0.09487989184 0.08673647296 0.07933959616 0.07257422272 0.06635017408 0.06059434432 0.05524881088 0.05026330048 0.0455990368 0.0412197088 0.03709764544 0.03324137152 0.0302170307939967 0.0264275179044018 0.0228555238807833 0.0194940214800386 0.0163352230998607 0.0133672631989267 0.0105776246896446 0.00783747940893375 0.00529325624015966 0.00334262274847474 0.00182980743890276 0.000809789929606684
"24" 0.1065170436 0.0972574656 0.0889161164 0.0813394544 0.0744096448 0.0680343172 0.0621385888 0.0566631292 0.0515564432 0.046778812 0.042293042 0.0380707896 0.0341207868 0.0309825227582776 0.0271316675584026 0.0234950315994434 0.0200665942609198 0.0168396200126246 0.0138032136229041 0.0109457516221345 0.008136189233238 0.00555107889324356 0.00352844636006123 0.00194846112444186 0.000872778330129451
"25" 0.10911433616 0.09963503936 0.09109575984 0.08333931264 0.07624506688 0.06971846032 0.06368283328 0.05807744752 0.05284958592 0.0479585872 0.0433663752 0.03904393376 0.03500020208 0.0317480147225584 0.0278358172124035 0.0241345393181034 0.020639167041801 0.0173440169253886 0.0142391640468815 0.0113138785546244 0.00843489905754224 0.00580890154632746 0.00371426997164772 0.00206711480998097 0.000935766730652219
"26" 0.11171162872 0.10201261312 0.09327540328 0.08533917088 0.07808048896 0.07140260344 0.06522707776 0.05949176584 0.05414272864 0.0491383624 0.0444397084 0.04001707792 0.03587961736 0.0325135066868392 0.0285399668664043 0.0247740470367635 0.0212117398226822 0.0178484138381525 0.0146751144708588 0.0116820054871142 0.00873360888184648 0.00606672419941137 0.00390009358323421 0.00218576849552008 0.000998755131174985
"27" 0.11430892128 0.10439018688 0.09545504672 0.08733902912 0.07991591104 0.07308674656 0.06677132224 0.06090608416 0.05543587136 0.0503181376 0.0455130416 0.04099022208 0.03675903264 0.0332789986511201 0.0292441165204051 0.0254135547554236 0.0217843126035634 0.0183528107509165 0.0151110648948362 0.0120501324196041 0.00903231870615073 0.00632454685249527 0.00408591719482069 0.00230442218105919 0.00106174353169775
"28" 0.116635003799 0.106532254904 0.097431348101 0.089164760396 0.081603927032 0.074648066423 0.068215476992 0.062241425753 0.056669728388 0.05145704933 0.046562808155 0.041956080314 0.037646392937 0.0340705072953974 0.0299924138904772 0.0261123732162674 0.0224286860438683 0.0189391653761436 0.0156371777124047 0.0125150608089951 0.00943349963580029 0.00667177600848116 0.00434744000234966 0.00248047047320908 0.00116160223178101
"29" 0.118689876277 0.108438817192 0.099204307423 0.090816364708 0.083144536936 0.076086563029 0.069559542016 0.063497790619 0.057844299724 0.05255509759 0.047589008065 0.042914652622 0.038541698251 0.0348880326196714 0.0307848589766207 0.0268705024192948 0.0231448601435967 0.019607477713834 0.0162534529235643 0.0130767906552871 0.00993715167079516 0.00710841166736904 0.00468466200582109 0.00271391337196976 0.00129833123142476
"30" 0.120744748755 0.11034537948 0.100977266745 0.09246796902 0.08468514684 0.077525059635 0.07090360704 0.064754155485 0.05901887106 0.05365314585 0.048615207975 0.04387322493 0.039437003565 0.0357055579439453 0.0315773040627641 0.0276286316223222 0.0238610342433252 0.0202757900515244 0.0168697281347239 0.0136385205015791 0.01044080370579 0.00754504732625691 0.00502188400929252 0.00294735627073044 0.0014350602310685
"31" 0.122799621233 0.112251941768 0.102750226067 0.094119573332 0.086225756744 0.078963556241 0.072247672064 0.066010520351 0.060193442396 0.05475119411 0.049641407885 0.044831797238 0.040332308879 0.0365230832682192 0.0323697491489075 0.0283867608253497 0.0245772083430537 0.0209441023892147 0.0174860033458835 0.0142002503478712 0.0109444557407849 0.00798168298514479 0.00535910601276396 0.00318079916949113 0.00157178923071225
"32" 0.124854493711 0.114158504056 0.104523185389 0.095771177644 0.087766366648 0.080402052847 0.073591737088 0.067266885217 0.061368013732 0.05584924237 0.050667607795 0.045790369546 0.041227614193 0.0373406085924931 0.0331621942350509 0.0291448900283771 0.0252933824427821 0.0216124147269051 0.0181022785570431 0.0147619801941632 0.0114481077757798 0.00841831864403266 0.00569632801623539 0.00341424206825181 0.001708518230356
"33" 0.126630264383 0.115827554168 0.106096097917 0.097256765932 0.089172085944 0.081734293791 0.074856027264 0.068468068401 0.062510340196 0.05693650461 0.051703169635 0.046777268138 0.042168987329 0.0382251449735124 0.0340409996830542 0.0300065960931881 0.026128201478823 0.022412343207457 0.0188611783831844 0.0154755744154313 0.0121180158271688 0.00900661043250344 0.00617067645216922 0.00376130311606885 0.00192753493508492
"34" 0.128126933249 0.117259092104 0.107468963651 0.098576338196 0.090442914632 0.082960279073 0.076040542592 0.069614069903 0.063620421788 0.05801298083 0.052748093405 0.047792493014 0.043156428287 0.0391766924112769 0.0350061654929172 0.0309718790197827 0.0270816654511764 0.0233438878308706 0.0197627028243072 0.0163410330116756 0.0129541798949521 0.00974655835055712 0.00678215132056544 0.00422198231294224 0.00222883934489902
"35" 0.129623602115 0.11869063004 0.108841829385 0.09989591046 0.09171374332 0.084186264355 0.07722505792 0.070760071405 0.06473050338 0.05908945705 0.053793017175 0.04880771789 0.044143869245 0.0401282398490414 0.0359713313027803 0.0319371619463774 0.0280351294235297 0.0242754324542841 0.0206642272654301 0.0172064916079199 0.0137903439627353 0.0104865062686108 0.00739362618896166 0.00468266150981564 0.00253014375471312
"36" 0.131120270981 0.120122167976 0.110214695119 0.101215482724 0.092984572008 0.085412249637 0.078409573248 0.071906072907 0.065840584972 0.06016593327 0.054837940945 0.049822942766 0.045131310203 0.0410797872868059 0.0369364971126433 0.032902444872972 0.0289885933958831 0.0252069770776976 0.021565751706553 0.0180719502041642 0.0146265080305185 0.0112264541866645 0.00800510105735789 0.00514334070668903 0.00283144816452722
"37" 0.132616939847 0.121553705912 0.111587560853 0.102535054988 0.094255400696 0.086638234919 0.079594088576 0.073052074409 0.066950666564 0.06124240949 0.055882864715 0.050838167642 0.046118751161 0.0420313347245704 0.0379016629225064 0.0338677277995666 0.0299420573682365 0.0261385217011111 0.0224672761476758 0.0189374088004084 0.0154626720983017 0.0119664021047182 0.00861657592575411 0.00560401990356243 0.00313275257434132
"38" 0.134106852633 0.123009876168 0.113013334667 0.103933218932 0.095628311944 0.087987914041 0.080922283264 0.074360316151 0.068240299196 0.06251463211 0.057138740885 0.052078657638 0.047344847079 0.0432468340283717 0.0391391991150186 0.0351137020149792 0.0311841334455916 0.0273659359192413 0.0236710685376678 0.0201105525183197 0.0165995995380665 0.0129950329265105 0.00949767342479831 0.00630259932436292 0.00362498438408561
"39" 0.135590009339 0.124490678744 0.114492016561 0.105409974556 0.097103305752 0.089461287003 0.082394157312 0.075830798133 0.069709482868 0.06398260113 0.058605569455 0.053544412754 0.048809597957 0.0447262851982097 0.0406491056901801 0.0366403675192098 0.0327148216279486 0.0288892197320882 0.0251771288765288 0.0215913813578979 0.0180372903498127 0.0143123466520414 0.0106483935544905 0.00723907896909051 0.0043081435937601
"40" 0.137073166045 0.12597148132 0.115970698455 0.10688673018 0.09857829956 0.090934659965 0.08386603136 0.077301280115 0.07117866654 0.06545057015 0.060072398025 0.05501016787 0.050274348835 0.0462057363680478 0.0421590122653417 0.0381670330234404 0.0342455098103056 0.0304125035449351 0.0266831892153898 0.0230722101974762 0.0194749811615589 0.0156296603775723 0.0117991136841827 0.0081755586138181 0.0049913028034346
"41" 0.138556322751 0.127452283896 0.117449380349 0.108363485804 0.100053293368 0.092408032927 0.085337905408 0.078771762097 0.072647850212 0.06691853917 0.061539226595 0.056475922986 0.051739099713 0.0476851875378859 0.0436689188405032 0.039693698527671 0.0357761979926626 0.031935787357782 0.0281892495542508 0.0245530390370544 0.0209126719733052 0.0169469741031032 0.0129498338138749 0.00911203825854569 0.00567446201310909
"42" 0.140039479457 0.128933086472 0.118928062243 0.109840241428 0.101528287176 0.093881405889 0.086809779456 0.080242244079 0.074117033884 0.06838650819 0.063006055165 0.057941678102 0.053203850591 0.0491646387077239 0.0451788254156647 0.0412203640319016 0.0373068861750196 0.0334590711706289 0.0296953098931119 0.0260338678766327 0.0223503627850514 0.0182642878286342 0.0141005539435671 0.0100485179032733 0.00635762122278358
"43" 0.144588857666 0.133223902736 0.122985956934 0.113686567464 0.105181107088 0.097356202882 0.090119945728 0.083399515102 0.077131707192 0.07126777222 0.06576205977 0.060579781676 0.055731655358 0.0516034836021235 0.0475527413941196 0.0435192682591953 0.0395216944981608 0.0355820493829957 0.0317202777335251 0.0279563859094758 0.0241668862177926 0.019893773711765 0.0155009568654396 0.0111782785332426 0.00718425735909832
"44" 0.152204457378 0.140324732688 0.129623064422 0.119902463912 0.111011753104 0.102832423906 0.095268404224 0.088243575166 0.081691870136 0.07556233126 0.06980724041 0.064390233708 0.059322514014 0.0550017222210846 0.0507906667758678 0.0465904112095521 0.0424206229620863 0.0383047219948824 0.0342641530754906 0.0303205931355838 0.0263622422715289 0.0218354317524959 0.0171510425794925 0.0125013201484537 0.0081543704220533
"45" 0.15982005709 0.14742556264 0.13626017191 0.12611836036 0.11684239912 0.10830864493 0.10041686272 0.09308763523 0.08625203308 0.0798568903 0.07385242105 0.06820068574 0.06291337267 0.0583999608400457 0.0540285921576161 0.0496615541599089 0.0453195514260118 0.0410273946067692 0.0368080284174561 0.0326848003616919 0.0285575983252651 0.0237770897932267 0.0188011282935454 0.0138243617636648 0.00912448348500829
"46" 0.167435656802 0.154526392592 0.142897279398 0.132334256808 0.122673045136 0.113784865954 0.105565321216 0.097931695294 0.090812196024 0.08415144934 0.07789760169 0.072011137772 0.066504231326 0.0617981994590068 0.0572665175393644 0.0527326971102657 0.0482184798899373 0.0437500672186559 0.0393519037594216 0.0350490075877999 0.0307529543790013 0.0257187478339575 0.0204512140075983 0.0151474033788759 0.0100945965479633
"47" 0.175051256514 0.161627222544 0.149534386886 0.138550153256 0.128503691152 0.119261086978 0.110713779712 0.102775755358 0.095372358968 0.08844600838 0.08194278233 0.075821589804 0.070095089982 0.0651964380779679 0.0605044429211127 0.0558038400606225 0.0511174083538627 0.0464727398305426 0.0418957791013871 0.037413214813908 0.0329483104327375 0.0276604058746883 0.0221012997216512 0.0164704449940869 0.0110647096109183
"48" 0.183160369951 0.169231375096 0.156683653149 0.145286234604 0.134861862968 0.125271587327 0.116402763008 0.108166140497 0.100484256612 0.09329736317 0.086549510595 0.080198062186 0.074256153313 0.0691831187639587 0.0643326465110864 0.0594660106555841 0.0546069854013816 0.0497845475421437 0.0450261762701234 0.0403603073304835 0.0357024743622063 0.0301360958192047 0.0242497405914094 0.0182414293183934 0.0124135066931038
"49" 0.191762997113 0.177338850248 0.164345078187 0.152542500852 0.141747560584 0.131816367001 0.122632271104 0.114102850711 0.106147888956 0.09870551371 0.091717786485 0.085140554918 0.078987421319 0.0737582415169792 0.0687511283092855 0.0637192088951504 0.0586872110324938 0.0536854903534593 0.0487430952656305 0.0438902851375264 0.0390154461674075 0.0331458176675068 0.026896536616873 0.0204603563517952 0.01414098779452
"50" 0.200365624275 0.1854463254 0.172006503225 0.1597987671 0.1486332582 0.138361146675 0.1288617792 0.120039560925 0.1118115213 0.10411366425 0.096886062375 0.09008304765 0.083718689325 0.0783333642699996 0.0731696101074846 0.0679724071347168 0.0627674366636059 0.0575864331647748 0.0524600142611376 0.0474202629445694 0.0423284179726088 0.0361555395158088 0.0295433326423366 0.0226792833851971 0.0158684688959362
"51" 0.208968251437 0.193553800552 0.179667928263 0.167055033348 0.155518955816 0.144905926349 0.135091287296 0.125976271139 0.117475153644 0.10952181479 0.102054338265 0.095025540382 0.088449957331 0.0829084870230201 0.0775880919056837 0.0722256053742831 0.0668476622947181 0.0614873759760903 0.0561769332566447 0.0509502407516123 0.0456413897778101 0.0391652613641108 0.0321901286678001 0.0248982104185989 0.0175959499973524
"52" 0.217570878599 0.201661275704 0.187329353301 0.174311299596 0.162404653432 0.151450706023 0.141320795392 0.131912981353 0.123138785988 0.11492996533 0.107222614155 0.099968033114 0.093181225337 0.0874836097760406 0.0820065737038829 0.0764788036138495 0.0709278879258303 0.0653883187874058 0.0598938522521518 0.0544802185586552 0.0489543615830113 0.0421749832124129 0.0348369246932637 0.0271171374520008 0.0193234310987685
"53" 0.231044433308 0.214287735968 0.199192721492 0.185481531632 0.172940925344 0.161403743516 0.150734473664 0.140825747876 0.131584377296 0.12293848436 0.11482076126 0.107179915688 0.100031749604 0.0940385660881441 0.0882894289251403 0.0824799507143438 0.076639172585626 0.0708036054636495 0.0650092007142758 0.0592941884452374 0.0534600464530619 0.0462416629033541 0.0383920922808717 0.0300848254944882 0.0216318998922894
"54" 0.249388915564 0.231433181344 0.215258032836 0.200565729456 0.187127771552 0.174765038828 0.163332322112 0.152714570708 0.142811927568 0.13354737188 0.12484877958 0.116661188104 0.109001530132 0.102573355959331 0.0964366575694562 0.0902290466757661 0.0839815162741052 0.0777332360048212 0.0715229786430169 0.0653921504113587 0.0591584443879619 0.0513653004369345 0.0428556314306242 0.0338012745460614 0.024521356377915
"55" 0.26773339782 0.24857862672 0.23132334418 0.21564992728 0.20131461776 0.18812633414 0.17593017056 0.16460339354 0.15403947784 0.1441562594 0.1348767979 0.12614246052 0.11797131066 0.111108145830517 0.104583886213772 0.0979781426371883 0.0913238599625845 0.084662866545993 0.078036756571758 0.07149011237748 0.0648568423228619 0.0564889379705149 0.0473191705803766 0.0375177235976345 0.0274108128635406
"56" 0.286077880076 0.265724072096 0.247388655524 0.230734125104 0.215501463968 0.201487629452 0.188528019008 0.176492216372 0.165267028112 0.15476514692 0.14490481622 0.135623732936 0.126941091188 0.119642935701704 0.112731114858088 0.105727238598611 0.0986662036510637 0.0915924970871647 0.084550534500499 0.0775880743436014 0.0705552402577619 0.0616125755040953 0.0517827097301291 0.0412341726492076 0.0303002693491662
"57" 0.304422362332 0.282869517472 0.263453966868 0.245818322928 0.229688310176 0.214848924764 0.201125867456 0.188381039204 0.176494578384 0.16537403444 0.15493283454 0.145105005352 0.135910871716 0.12817772557289 0.120878343502404 0.113476334560033 0.106008547339543 0.0985221276283365 0.0910643124292401 0.0836860363097227 0.0762536381926618 0.0667362130376757 0.0562462488798816 0.0449506217007807 0.0331897258347918
"58" 0.321888196574 0.299416456304 0.279173132826 0.260785601496 0.243967893232 0.228495837598 0.214187704192 0.200899506178 0.188506271688 0.17691160858 0.16602525303 0.155778418964 0.146192297762 0.13816947025253 0.130578833325737 0.122871821793614 0.115086623541431 0.107272433483558 0.0994788458460948 0.0917596160447671 0.0839685370826629 0.0738926853106484 0.0627381360320656 0.0506390194667963 0.0379150309609758
"59" 0.338475382802 0.315364888592 0.294546153398 0.275635960808 0.258340213136 0.242428367954 0.227713529216 0.214047617294 0.201302108024 0.18937786934 0.17818207169 0.167643973772 0.157785369326 0.149618169740622 0.141832584328089 0.133913700299355 0.125900432256728 0.117843414652829 0.109794134751063 0.101808813548735 0.0936999369277651 0.0830819923230132 0.0712583711866812 0.0582993659472543 0.0444761847277181
"60" 0.35506256903 0.33131332088 0.30991917397 0.29048632012 0.27271253304 0.25636089831 0.24123935424 0.22719572841 0.21409794436 0.2018441301 0.19033889035 0.17950952858 0.16937844089 0.161066869228715 0.153086335330441 0.144955578805096 0.136714240972025 0.128414395822099 0.120109423656032 0.111858011052702 0.103431336772867 0.092271299335378 0.0797786063412968 0.0659597124277123 0.0510373384944605
"61" 0.371649755258 0.347261753168 0.325292194542 0.305336679432 0.287084852944 0.270293428666 0.254765179264 0.240343839526 0.226893780696 0.21431039086 0.20249570901 0.191375083388 0.180971512454 0.172515568716807 0.164340086332793 0.155997457310837 0.147528049687322 0.13898537699137 0.130424712561 0.121907208556669 0.113162736617969 0.101460606347743 0.0882988414959124 0.0736200589081703 0.0575984922612029
"62" 0.388236941486 0.363210185456 0.340665215114 0.320187038744 0.301457172848 0.284225959022 0.268291004288 0.253491950642 0.239689617032 0.22677665162 0.21465252767 0.203240638196 0.192564584018 0.1839642682049 0.175593837335145 0.167039335816577 0.158341858402619 0.149556358160641 0.140740001465969 0.131956406060637 0.122894136463072 0.110649913360108 0.096819076650528 0.0812804053886284 0.0641596460279453
"63" 0.409761426703 0.383923672888 0.360648127597 0.339506351212 0.320169539704 0.302379944431 0.285928613824 0.270649993441 0.256400392036 0.24306897901 0.230551970035 0.218770275658 0.207748261489 0.198922995032563 0.190305668355745 0.181486026106555 0.172505964209042 0.163422027140956 0.154293444465766 0.145186530295301 0.135761981116319 0.122886817891276 0.108283093471102 0.0917485912836642 0.07334214406413
"64" 0.436223210909 0.409402215464 0.385240931991 0.363294616836 0.343221953512 0.324755384893 0.307678007872 0.291817967923 0.277026105708 0.26318737303 0.250194036105 0.237963995774 0.226522544867 0.217391749199796 0.208475579394592 0.19933752818077 0.19002036710659 0.180582383932315 0.171085041560392 0.161597581260662 0.15176627057771 0.138171319941249 0.122690891957635 0.105024616593278 0.085145986369757
"65" 0.462684995115 0.43488075804 0.409833736385 0.38708288246 0.36627436732 0.347130825355 0.32942740192 0.312985942405 0.29765181938 0.28330576705 0.269836102175 0.25715771589 0.245296828245 0.23586050336703 0.22664549043344 0.217189030254985 0.207534770004138 0.197742740723674 0.187876638655017 0.178008632226024 0.167770560039102 0.153455821991221 0.137098690444168 0.118300641902891 0.0969498286753839
"66" 0.489146779321 0.460359300616 0.434426540779 0.410871148084 0.389326781128 0.369506265817 0.351176795968 0.334153916887 0.318277533052 0.30342416107 0.289478168245 0.276351436006 0.264071111623 0.254329257534264 0.244815401472288 0.2350405323292 0.225049172901686 0.214903097515033 0.204668235749643 0.194419683191385 0.183774849500493 0.168740324041194 0.1515064889307 0.131576667212505 0.108753670981011
"67" 0.515608563527 0.485837843192 0.459019345173 0.434659413708 0.412379194936 0.391881706279 0.372926190016 0.355321891369 0.338903246724 0.32354255509 0.309120234315 0.295545156122 0.282845395001 0.272798011701498 0.262985312511136 0.252892034403415 0.242563575799234 0.232063454306392 0.221459832844269 0.210830734156746 0.199779138961885 0.184024826091166 0.165914287417233 0.144852692522119 0.120557513286638
"68" 0.542908526856 0.512439806976 0.484992526744 0.460061456224 0.437258859008 0.416280789512 0.396880845248 0.378863799032 0.362060205472 0.34633936952 0.33157890532 0.317685548016 0.304688030328 0.294402885349576 0.284394035667166 0.274086772374229 0.263526678995723 0.252778151497293 0.241910702072197 0.2310043419619 0.219651219239805 0.203320151229695 0.184475247756577 0.162416234766589 0.136746957246248
"69" 0.571046669308 0.540165191968 0.512346085492 0.487077275632 0.463965773344 0.442703515516 0.423040761664 0.404779639876 0.387748409296 0.37181460436 0.35685418126 0.342772611688 0.329599017604 0.319143878478499 0.30904157094038 0.298624746241642 0.287938482491154 0.277047189087736 0.266020843433427 0.254940506606846 0.243391090334253 0.226626299456779 0.207189369948731 0.184267293945917 0.157322002859842
"70" 0.59918481176 0.56789057696 0.53969964424 0.51409309504 0.49067268768 0.46912624152 0.44920067808 0.43069548072 0.41343661312 0.3972898392 0.3821294572 0.36785967536 0.35451000488 0.343884871607423 0.333689106213594 0.323162720109055 0.312350285986584 0.301316226678178 0.290130984794657 0.278876671251792 0.267130961428701 0.249932447683864 0.229903492140886 0.206118353125245 0.177897048473436
"71" 0.627322954212 0.595615961952 0.567053202988 0.541108914448 0.517379602016 0.495548967524 0.475360594496 0.456611321564 0.439124816944 0.42276507404 0.40740473314 0.392946739032 0.379420992156 0.368625864736346 0.358336641486808 0.347700693976468 0.336762089482015 0.325585264268621 0.314241126155887 0.302812835896739 0.29087083252315 0.273238595910948 0.25261761433304 0.227969412304573 0.19847209408703
"72" 0.655461096664 0.623341346944 0.594406761736 0.568124733856 0.544086516352 0.521971693528 0.501520510912 0.482527162408 0.464813020768 0.44824030888 0.43268000908 0.418033802704 0.404331979432 0.393366857865269 0.382984176760022 0.372238667843881 0.361173892977446 0.349854301859064 0.338351267517118 0.326749000541685 0.314610703617598 0.296544744138032 0.275331736525195 0.249820471483901 0.219047139700624
"73" 0.680407652835963 0.649084141926562 0.620759265304012 0.594942052311744 0.571254328383754 0.549398628815427 0.529132789115816 0.510264621424997 0.492626281964242 0.476088529878155 0.460529255531875 0.44585573298111 0.432103392104069 0.421065831718926 0.410633911935023 0.399816247105102 0.388654670813908 0.37721245343418 0.365560387166429 0.353782893553876 0.341434517488524 0.322946710125727 0.30113761171528 0.274745849686134 0.242658271791329
"74" 0.702162622727889 0.672844346899687 0.646110713692037 0.621560869815231 0.598883038111262 0.577829773386282 0.558197429107447 0.539823698614992 0.522564600532725 0.506309737034463 0.490952472495624 0.47641252986333 0.462735230172207 0.451722786297315 0.441285847011811 0.430433431760132 0.419204422991403 0.40765971899397 0.395868485103822 0.383914514933311 0.371342274135929 0.35244449387403 0.330035239903295 0.30274554691127 0.269305490359147
"75" 0.723917592619815 0.696604551872811 0.671462162080062 0.648179687318719 0.62651174783877 0.606260917957137 0.587262069099078 0.569382775804986 0.552502919101209 0.536530944190772 0.521375689459374 0.506969326745551 0.493367068240345 0.482379740875705 0.4719377820886 0.461050616415162 0.449754175168898 0.438106984553759 0.426176583041216 0.414046136312746 0.401250030783334 0.381942277622334 0.35893286809131 0.330745244136406 0.295952708926965
"76" 0.745672562511741 0.720364756845936 0.696813610468087 0.674798504822206 0.654140457566278 0.634692062527991 0.616326709090709 0.59894185299498 0.582441237669693 0.566752151347081 0.551798906423123 0.537526123627771 0.523998906308484 0.513036695454094 0.502589717165388 0.491667801070191 0.480303927346393 0.468554250113549 0.456484680978609 0.444177757692181 0.431157787430739 0.411440061370638 0.387830496279326 0.358744941361543 0.322599927494782
"77" 0.767427532403666 0.74412496181906 0.722165058856112 0.701417322325694 0.681769167293786 0.663123207098846 0.64539134908234 0.628500930184975 0.612379556238176 0.59697335850339 0.582222123386873 0.568082920509992 0.554630744376622 0.543693650032484 0.533241652242176 0.522284985725221 0.510853679523888 0.499001515673339 0.486792778916002 0.474309379071617 0.461065544078144 0.440937845118942 0.416728124467341 0.386744638586679 0.3492471460626
"78" 0.789829923136899 0.7683218925455 0.747857721631133 0.728363436909651 0.709769422765111 0.692011638663215 0.675028471384755 0.658768295627696 0.643176100132569 0.628211943495735 0.613827513899597 0.599989537111817 0.586779338476064 0.576007598248808 0.565687788782501 0.554843007424055 0.54349974168996 0.531708355573005 0.519530185496738 0.50704483557812 0.493762646053725 0.473505962741275 0.449029428693083 0.418548063591352 0.380167885277542
"79" 0.812879734711437 0.792955549025256 0.773891598793151 0.755636848574077 0.738141223980254 0.721357357221099 0.705238075997954 0.689743949323146 0.67483086935287 0.660467906324115 0.646615077961297 0.633245973433248 0.620444688606809 0.609978540103068 0.599928126786362 0.589341866166696 0.57824211384461 0.566674769812548 0.554696900720817 0.542384127211692 0.529249093357482 0.509144414237636 0.484734408956552 0.454155216375561 0.41536214513961
"80" 0.835929546285975 0.817589205505011 0.799925475955169 0.782910260238504 0.766513025195397 0.750703075778982 0.735447680611153 0.720719603018595 0.706485638573172 0.692723869152496 0.679402642022997 0.666502409754679 0.654110038737555 0.643949481957328 0.634168464790222 0.623840724909336 0.612984485999259 0.601641184052091 0.589863615944895 0.577723418845264 0.564735540661239 0.544782865733998 0.52043938922002 0.48976236915977 0.450556405001678
"81" 0.858979357860514 0.842222861984766 0.825959353117186 0.810183671902931 0.79488482641054 0.780048794336865 0.765657285224353 0.751695256714045 0.738140407793473 0.724979831980876 0.712190206084698 0.699758846076109 0.6877753888683 0.677920423811588 0.668408802794083 0.658339583651976 0.647726858153909 0.636607598291634 0.625030331168974 0.613062710478835 0.600221987964996 0.58042131723036 0.556144369483489 0.525369521943979 0.485750664863746
"82" 0.882029169435052 0.866856518464522 0.851993230279204 0.837457083567358 0.823256627625684 0.809394512894749 0.795866889837551 0.782670910409494 0.769795177013775 0.757235794809257 0.744977770146398 0.73301528239754 0.721440738999046 0.711891365665849 0.702649140797943 0.692838442394616 0.682469230308559 0.671574012531177 0.660197046393053 0.648402002112407 0.635708435268754 0.616059768726722 0.591849349746958 0.560976674728189 0.520944924725813
"83" 0.900623255530011 0.887040217206513 0.873634199718787 0.860435365912505 0.847463406291646 0.83473091207236 0.822243080007789 0.810004845647259 0.798012220872918 0.78626735063627 0.77476129757821 0.763493093039936 0.752554274396174 0.743503427172049 0.734721860260412 0.72537714704186 0.715475218947496 0.705043625942811 0.694121462546041 0.68276693435283 0.670512874002724 0.65147542599279 0.627905600057635 0.59767479305613 0.558191770081589
"84" 0.914761616145391 0.902773958210739 0.890882261435933 0.879118518938375 0.867505162408427 0.856057991869699 0.844785855735065 0.833697062427338 0.822791539370904 0.812074499461917 0.801540788380134 0.791192278003297 0.781115995059687 0.77275660833019 0.764626961181489 0.755955697593708 0.746744824070721 0.737016438526535 0.726803579627938 0.716157507200106 0.704635304166907 0.686668289028564 0.664313120415522 0.635463876927804 0.597491200931074
"85" 0.928899976760771 0.918507699214966 0.90813032315308 0.897801671964244 0.887546918525208 0.877385071667037 0.867328631462341 0.857389279207418 0.847570857868889 0.837881648287564 0.828320279182058 0.818891462966657 0.809677715723199 0.802009789488331 0.794532062102567 0.786534248145557 0.778014429193946 0.76898925111026 0.759485696709834 0.749548080047381 0.73875773433109 0.721861152064339 0.700720640773408 0.673252960799479 0.636790631780558
"86" 0.943038337376151 0.934241440219192 0.925378384870227 0.916484824990113 0.907588674641989 0.898712151464376 0.889871407189617 0.881081495987497 0.872350176366875 0.863688797113211 0.855099769983982 0.846590647930018 0.838239436386712 0.831262970646472 0.824437163023644 0.817112798697405 0.809284034317171 0.800962063693984 0.792167813791731 0.782938652894656 0.772880164495274 0.757054015100113 0.737128161131294 0.711042044671153 0.676090062630042
"87" 0.957176697991531 0.949975181223419 0.942626446587373 0.935167978015982 0.927630430758771 0.920039231261714 0.912414182916893 0.904773712767577 0.89712949486486 0.889495945938858 0.881879260785906 0.874289832893379 0.866801157050224 0.860516151804613 0.854342263944721 0.847691349249253 0.840553639440396 0.832934876277709 0.824849930873628 0.816329225741931 0.807002594659457 0.792246878135888 0.773535681489181 0.748831128542827 0.715389493479526
"88" 0.967821290469299 0.962057846552979 0.956125429701352 0.950058599076025 0.943886177935445 0.937632494044345 0.931317013702478 0.924957839041855 0.918567238702468 0.912159568316513 0.905742105568181 0.899325482837553 0.892973815643782 0.887628468145316 0.882365332964734 0.87668256207266 0.870569597801807 0.864029154312614 0.857071890473119 0.849722060949012 0.841657428767394 0.828858978688398 0.812565497501311 0.790953103430798 0.761535288013842
"89" 0.974972114809455 0.970489436207872 0.965875334212163 0.961156688170242 0.956355916172013 0.951491939812269 0.946579899546372 0.941633874810332 0.936663407879697 0.931679664246177 0.926688304330808 0.921697597762541 0.916757412167386 0.912599919668579 0.908506370083682 0.904086437167624 0.899331909401406 0.8942448977987 0.888833692590204 0.883117158515898 0.876844666819084 0.866890316757642 0.854217609167687 0.837407969335065 0.814527446232988
"90" 0.98212293914961 0.978921025862766 0.975625238722973 0.972254777264458 0.968825654408581 0.965351385580192 0.961842785390266 0.958309910578808 0.954759577056927 0.95119976017584 0.947634503093434 0.944069712687529 0.94054100869099 0.937571371191842 0.93464740720263 0.931490312262589 0.928094221001004 0.924460641284785 0.920595494707288 0.916512256082784 0.912031904870774 0.904921654826887 0.895869720834062 0.883862835239332 0.867519604452134
"91" 0.989273763489766 0.98735261551766 0.985375143233784 0.983352866358675 0.981295392645148 0.979210831348115 0.977105671234159 0.974985946347285 0.972855746234156 0.970719856105504 0.96858070185606 0.966441827612518 0.964324605214594 0.962542822715105 0.960788444321578 0.958894187357553 0.956856532600602 0.954676384770871 0.952357296824373 0.94990735364967 0.947219142922465 0.942952992896132 0.937521832500437 0.930317701143599 0.920511762671281
"92" 0.996424587829922 0.995784205172553 0.995125047744595 0.994450955452892 0.993765130881716 0.993070277116038 0.992368557078053 0.991661982115762 0.990951915411385 0.990239952035168 0.989526900618687 0.988813942537506 0.988108201738198 0.987514274238368 0.986929481440526 0.986298062452518 0.985618844200201 0.984892128256957 0.984119098941458 0.983302451216557 0.982406380974155 0.980984330965378 0.979173944166812 0.976772567047866 0.973503920890427
"93" 1 1 1 1 1 1 1 1 1 1 1 1 1 1 1 1 1 1 1 1 1 1 1 1 1
"94" 1 1 1 1 1 1 1 1 1 1 1 1 1 1 1 1 1 1 1 1 1 1 1 1 1
"95" 1 1 1 1 1 1 1 1 1 1 1 1 1 1 1 1 1 1 1 1 1 1 1 1 1
"96" 1 1 1 1 1 1 1 1 1 1 1 1 1 1 1 1 1 1 1 1 1 1 1 1 1
"97" 1 1 1 1 1 1 1 1 1 1 1 1 1 1 1 1 1 1 1 1 1 1 1 1 1
"98" 1 1 1 1 1 1 1 1 1 1 1 1 1 1 1 1 1 1 1 1 1 1 1 1 1
"99" 1 1 1 1 1 1 1 1 1 1 1 1 1 1 1 1 1 1 1 1 1 1 1 1 1
"100" 1 1 1 1 1 1 1 1 1 1 1 1 1 1 1 1 1 1 1 1 1 1 1 1 1
"101" 1 1 1 1 1 1 1 1 1 1 1 1 1 1 1 1 1 1 1 1 1 1 1 1 1
"102" 1 1 1 1 1 1 1 1 1 1 1 1 1 1 1 1 1 1 1 1 1 1 1 1 1
"103" 1 1 1 1 1 1 1 1 1 1 1 1 1 1 1 1 1 1 1 1 1 1 1 1 1
"104" 1 1 1 1 1 1 1 1 1 1 1 1 1 1 1 1 1 1 1 1 1 1 1 1 1
"105" 1 1 1 1 1 1 1 1 1 1 1 1 1 1 1 1 1 1 1 1 1 1 1 1 1
"106" 1 1 1 1 1 1 1 1 1 1 1 1 1 1 1 1 1 1 1 1 1 1 1 1 1
"107" 1 1 1 1 1 1 1 1 1 1 1 1 1 1 1 1 1 1 1 1 1 1 1 1 1
"108" 1 1 1 1 1 1 1 1 1 1 1 1 1 1 1 1 1 1 1 1 1 1 1 1 1
"109" 1 1 1 1 1 1 1 1 1 1 1 1 1 1 1 1 1 1 1 1 1 1 1 1 1
"110" 1 1 1 1 1 1 1 1 1 1 1 1 1 1 1 1 1 1 1 1 1 1 1 1 1
"111" 1 1 1 1 1 1 1 1 1 1 1 1 1 1 1 1 1 1 1 1 1 1 1 1 1
"112" 1 1 1 1 1 1 1 1 1 1 1 1 1 1 1 1 1 1 1 1 1 1 1 1 1
"113" 1 1 1 1 1 1 1 1 1 1 1 1 1 1 1 1 1 1 1 1 1 1 1 1 1
"114" 1 1 1 1 1 1 1 1 1 1 1 1 1 1 1 1 1 1 1 1 1 1 1 1 1
"115" 1 1 1 1 1 1 1 1 1 1 1 1 1 1 1 1 1 1 1 1 1 1 1 1 1
"116" 1 1 1 1 1 1 1 1 1 1 1 1 1 1 1 1 1 1 1 1 1 1 1 1 1
"117" 1 1 1 1 1 1 1 1 1 1 1 1 1 1 1 1 1 1 1 1 1 1 1 1 1
"118" 1 1 1 1 1 1 1 1 1 1 1 1 1 1 1 1 1 1 1 1 1 1 1 1 1
"119" 1 1 1 1 1 1 1 1 1 1 1 1 1 1 1 1 1 1 1 1 1 1 1 1 1
"120" 1 1 1 1 1 1 1 1 1 1 1 1 1 1 1 1 1 1 1 1 1 1 1 1 1
"121" 1 1 1 1 1 1 1 1 1 1 1 1 1 1 1 1 1 1 1 1 1 1 1 1 1
"122" 1 1 1 1 1 1 1 1 1 1 1 1 1 1 1 1 1 1 1 1 1 1 1 1 1
"123" 1 1 1 1 1 1 1 1 1 1 1 1 1 1 1 1 1 1 1 1 1 1 1 1 1
"124" 1 1 1 1 1 1 1 1 1 1 1 1 1 1 1 1 1 1 1 1 1 1 1 1 1
"125" 1 1 1 1 1 1 1 1 1 1 1 1 1 1 1 1 1 1 1 1 1 1 1 1 1
"126" 1 1 1 1 1 1 1 1 1 1 1 1 1 1 1 1 1 1 1 1 1 1 1 1 1
"127" 1 1 1 1 1 1 1 1 1 1 1 1 1 1 1 1 1 1 1 1 1 1 1 1 1
"128" 1 1 1 1 1 1 1 1 1 1 1 1 1 1 1 1 1 1 1 1 1 1 1 1 1
"129" 1 1 1 1 1 1 1 1 1 1 1 1 1 1 1 1 1 1 1 1 1 1 1 1 1
"130" 1 1 1 1 1 1 1 1 1 1 1 1 1 1 1 1 1 1 1 1 1 1 1 1 1
"131" 1 1 1 1 1 1 1 1 1 1 1 1 1 1 1 1 1 1 1 1 1 1 1 1 1
"132" 1 1 1 1 1 1 1 1 1 1 1 1 1 1 1 1 1 1 1 1 1 1 1 1 1
"133" 1 1 1 1 1 1 1 1 1 1 1 1 1 1 1 1 1 1 1 1 1 1 1 1 1
"134" 1 1 1 1 1 1 1 1 1 1 1 1 1 1 1 1 1 1 1 1 1 1 1 1 1
"135" 1 1 1 1 1 1 1 1 1 1 1 1 1 1 1 1 1 1 1 1 1 1 1 1 1
"136" 1 1 1 1 1 1 1 1 1 1 1 1 1 1 1 1 1 1 1 1 1 1 1 1 1
"137" 1 1 1 1 1 1 1 1 1 1 1 1 1 1 1 1 1 1 1 1 1 1 1 1 1
"138" 1 1 1 1 1 1 1 1 1 1 1 1 1 1 1 1 1 1 1 1 1 1 1 1 1
"139" 1 1 1 1 1 1 1 1 1 1 1 1 1 1 1 1 1 1 1 1 1 1 1 1 1
"140" 1 1 1 1 1 1 1 1 1 1 1 1 1 1 1 1 1 1 1 1 1 1 1 1 1
"141" 1 1 1 1 1 1 1 1 1 1 1 1 1 1 1 1 1 1 1 1 1 1 1 1 1
"142" 1 1 1 1 1 1 1 1 1 1 1 1 1 1 1 1 1 1 1 1 1 1 1 1 1
"143" 1 1 1 1 1 1 1 1 1 1 1 1 1 1 1 1 1 1 1 1 1 1 1 1 1
"144" 1 1 1 1 1 1 1 1 1 1 1 1 1 1 1 1 1 1 1 1 1 1 1 1 1
"145" 1 1 1 1 1 1 1 1 1 1 1 1 1 1 1 1 1 1 1 1 1 1 1 1 1
"146" 1 1 1 1 1 1 1 1 1 1 1 1 1 1 1 1 1 1 1 1 1 1 1 1 1
"147" 1 1 1 1 1 1 1 1 1 1 1 1 1 1 1 1 1 1 1 1 1 1 1 1 1
"148" 1 1 1 1 1 1 1 1 1 1 1 1 1 1 1 1 1 1 1 1 1 1 1 1 1
"149" 1 1 1 1 1 1 1 1 1 1 1 1 1 1 1 1 1 1 1 1 1 1 1 1 1
"150" 1 1 1 1 1 1 1 1 1 1 1 1 1 1 1 1 1 1 1 1 1 1 1 1 1
