"1" "2" "3" "4" "5" "6" "7" "8" "9" "10" "11" "12" "13" "14" "15" "16" "17" "18" "19" "20" "21" "22" "23" "24" "25"
"0" 0.33670437184 0.30873534288 0.28347602064 0.26047663984 0.23939079632 0.21995330448 0.20194011312 0.18518099584 0.16953031936 0.15472182116243 0.140875638710059 0.127820355913258 0.115498557724793 0.103847299761593 0.0928195244126215 0.082369472786893 0.0724484898077349 0.0629567528572051 0.0539888956807182 0.0457824051037533 0.038136812334491 0.0310768469118059 0.0246288856358794 0.0188373324621334 0.013758748312884
"1" 0.311002152796 0.282579969322 0.256911395266 0.233539378246 0.212111901658 0.192359483362 0.174054442078 0.157023793396 0.141119544484 0.125775984454074 0.110899924219032 0.097173983118447 0.0844841104883067 0.0727143791940419 0.0617694657743447 0.0515599516511683 0.0419988765785429 0.0329705513317316 0.0256880334160175 0.0195621435999062 0.0143492221834071 0.0100398373564321 0.00660924815349169 0.00401870361637415 0.00220050734252266
"2" 0.200608639868 0.182152020826 0.165483523378 0.150306349718 0.136391909514 0.123565208146 0.111678395374 0.100619139668 0.090291338372 0.0801187583159438 0.070473126874816 0.06159196780474 0.0533959471936234 0.0458054098941253 0.0387548534830408 0.0321833736692302 0.0260323872048694 0.0202586507612248 0.0157949284162723 0.0119656614086268 0.00872628380412912 0.00606598172850052 0.00396387565221365 0.00238989802601709 0.00129588758728761
"3" 0.09021512694 0.08172407233 0.07405565149 0.06707332119 0.06067191737 0.05477093293 0.04930234867 0.04421448594 0.03946313226 0.0344615321778139 0.0300463295306004 0.0260099524910331 0.0223077838989401 0.0188964405942087 0.0157402411917368 0.0128067956872922 0.0100658978311958 0.00754675019071802 0.00590182341652702 0.00436917921734736 0.00310334542485119 0.00209212610056891 0.00131850315093562 0.000761092435660028 0.000391267832052559
"4" 0.0808825030866667 0.0732983256344445 0.0664489215144445 0.0602123308366667 0.0544946214655556 0.0492238847677778 0.0443393662544444 0.0397949067533334 0.0355510158466667 0.0311481010830289 0.0272007698475598 0.0235875377989813 0.0202698349297629 0.0172099747550171 0.0143769617733931 0.0117425543709482 0.00928028503890877 0.00700840561343348 0.00548740604815738 0.00408216516160326 0.00291598125778093 0.00197910180256656 0.00125749660816989 0.000733256770766275 0.000381832565649217
"5" 0.0715498792333333 0.0648725789388889 0.0588421915388889 0.0533513404833333 0.0483173255611111 0.0436768366055556 0.0393763838388889 0.0353753275666667 0.0316388994333333 0.0278346699882439 0.0243552101645193 0.0211651231069295 0.0182318859605857 0.0155235089158256 0.0130136823550495 0.0106783130546042 0.00849467224662175 0.00647006103614894 0.00507298867978774 0.00379515110585915 0.00272861709071068 0.00186607750456421 0.00119649006540416 0.000705421105872522 0.000372397299245875
"6" 0.06221725538 0.0564468322433333 0.0512354615633333 0.04649035013 0.0421400296566667 0.0381297884433333 0.0344134014233333 0.03095574838 0.02772678302 0.0245212388934589 0.0215096504814787 0.0187427084148777 0.0161939369914086 0.013837043076634 0.0116504029367058 0.00961407173826029 0.00770905945433472 0.0059317164588644 0.0046585713114181 0.00350813705011505 0.00254125292364043 0.00175305320656186 0.00113548352263844 0.000677585440978769 0.000362962032842534
"7" 0.0528846315266667 0.0480210855477778 0.0436287315877778 0.0396293597766667 0.0359627337522222 0.0325827402811111 0.0294504190077778 0.0265361691933333 0.0238146666066667 0.0212078077986739 0.0186640907984382 0.0163202937228259 0.0141559880222314 0.0121505772374425 0.0102871235183621 0.00854983042191632 0.0069234466620477 0.00539337188157986 0.00424415394304846 0.00322112299437095 0.00235388875657018 0.00164002890855952 0.00107447697987271 0.000649749776085016 0.000353526766439192
"8" 0.049981292682 0.045420666399 0.041301884547 0.037551608457 0.034113353511 0.030943878579 0.028006649901 0.025273910382 0.022721913078 0.0203642004437844 0.0179640906738608 0.0157489202714596 0.0137005904078346 0.0118006389275779 0.0100338727057384 0.0083859998668715 0.00684307970293003 0.00538423053770884 0.00421820455749169 0.00321674194159821 0.00236316877618912 0.0016562904967023 0.00109244543914609 0.0006657128576782 0.000365441045915776
"9" 0.053507238846 0.048645574797 0.044254920441 0.040257096171 0.036591888933 0.033213203337 0.030082094103 0.027168971946 0.024448522434 0.0219904168287904 0.0194096501077468 0.017028588060779 0.0148277441482181 0.0127872281470403 0.0108906504988347 0.00912258007312581 0.00746795857698171 0.00590429242725133 0.0045807231547478 0.00349499389179684 0.00256909298249725 0.00180183797099021 0.00118938890045856 0.00072547468575832 0.000398704871272285
"10" 0.05703318501 0.051870483195 0.047207956335 0.042962583885 0.039070424355 0.035482528095 0.032157538305 0.02906403351 0.02617513179 0.0236166332137963 0.0208552095416328 0.0183082558500983 0.0159548978886016 0.0137738173665027 0.011747428291931 0.00985916027938012 0.0080928374510334 0.00642435431679382 0.00494324175200391 0.00377324584199547 0.00277501718880538 0.00194738544527812 0.00128633236177104 0.00078523651383844 0.000431968696628795
"11" 0.060559131174 0.055095391593 0.050160992229 0.045668071599 0.041548959777 0.037751852853 0.034232982507 0.030959095074 0.027901741146 0.0252428495988023 0.0223007689755187 0.0195879236394176 0.0170820516289852 0.0147604065859651 0.0126042060850273 0.0105957404856344 0.00871771632508509 0.00694441620633631 0.00530576034926002 0.00405149779219409 0.00298094139511351 0.00209293291956604 0.00138327582308352 0.000844998341918559 0.000465232521985304
"12" 0.064085077338 0.058320299991 0.053114028123 0.048373559313 0.044027495199 0.040021177611 0.036308426709 0.032854156638 0.029628350502 0.0268690659838083 0.0237463284094047 0.020867591428737 0.0182092053693687 0.0157469958054275 0.0134609838781236 0.0113323206918887 0.00934259519913678 0.0074644780958788 0.00566827894651613 0.00432974974239272 0.00318686560142165 0.00223848039385395 0.001480219284396 0.000904760169998679 0.000498496347341814
"13" 0.067446212796 0.061394139322 0.055928405266 0.050951688246 0.046389031658 0.042183053362 0.038285272078 0.034658853396 0.031272284484 0.0283855671178693 0.0251083528902107 0.0220849884272534 0.0192912102521456 0.0167021266501469 0.0142971791996844 0.0120569236123803 0.0099623031214076 0.00798480105790098 0.00606552986068431 0.0046436492724377 0.00342680566992894 0.00241435306886399 0.00160232013936894 0.0009837220464585 0.000544979713703254
"14" 0.070642537548 0.064316909586 0.058604123658 0.053402458398 0.048633569154 0.044237480106 0.040163518614 0.036373185348 0.032833543092 0.0297923530009854 0.0263868424179368 0.0232401146349668 0.0203280662773159 0.0176257991201234 0.0151127920497095 0.0127695492471092 0.0105768400918976 0.00850538509240287 0.00649751309176456 0.00499319638232903 0.00370076160063539 0.00262055094459617 0.00174957838800235 0.00108188397129802 0.000604682621069624
"15" 0.0738388623 0.06723967985 0.06127984205 0.05585322855 0.05087810665 0.04629190685 0.04204176515 0.0380875173 0.0343948017 0.0311991388841015 0.0276653319456629 0.0243952408426802 0.0213649223024862 0.0185494715900999 0.0159284048997347 0.013482174881838 0.0111913770623875 0.00902596912690475 0.00692949632284481 0.00534274349222036 0.00397471753134184 0.00282674882032835 0.00189683663663576 0.00118004589613754 0.000664385528435995
"16" 0.077035187052 0.070162450114 0.063955560442 0.058303998702 0.053122644146 0.048346333594 0.043920011686 0.039801849252 0.035956060308 0.0326059247672176 0.0289438214733889 0.0255503670503937 0.0224017783276565 0.0194731440600764 0.0167440177497599 0.0141948005165669 0.0118059140328775 0.00954655316140663 0.00736147955392506 0.00569229060211169 0.00424867346204829 0.00303294669606053 0.00204409488526916 0.00127820782097707 0.000724088435802366
"17" 0.080231511804 0.073085220378 0.066631278834 0.060754768854 0.055367181642 0.050400760338 0.045798258222 0.041516181204 0.037517318916 0.0340127106503337 0.030222311001115 0.0267054932581071 0.0234386343528268 0.0203968165300529 0.0175596305997851 0.0149074261512957 0.0124204510033675 0.0100671371959085 0.00779346278500531 0.00604183771200302 0.00452262939275474 0.00323914457179271 0.00219135313390257 0.00137636974581659 0.000783791343168736
"18" 0.082416995666 0.075091423787 0.068475570911 0.062451635741 0.056928889043 0.051837874127 0.047119908113 0.042730405766 0.038631223214 0.035035700813184 0.0311607245230877 0.027561673513731 0.0242152443717798 0.0210967035681742 0.0181858314145545 0.0154630828227614 0.0129087033190833 0.0104906940396658 0.00814283121633655 0.00632820880560908 0.00475022317685803 0.00341308053778916 0.00231769506674786 0.00146221776330456 0.000837168564163391
"19" 0.083591638638 0.076181060341 0.069488436673 0.063394599363 0.057807766349 0.052657674961 0.047884961359 0.043444522938 0.039297773202 0.0356748952557685 0.031759062039307 0.0281189078172653 0.0247316083845156 0.0215728051744402 0.018622620194068 0.0158617705309638 0.0132706709800251 0.0108172236926786 0.00840958484791878 0.00655140388292988 0.00493145481435816 0.00355475459404989 0.00242312068380503 0.00153575187344098 0.000884220098786329
"20" 0.08476628161 0.077270696895 0.070501302435 0.064337562985 0.058686643655 0.053477475795 0.048650014605 0.04415864011 0.03996432319 0.0363140896983529 0.0323573995555263 0.0286761421207996 0.0252479723972514 0.0220489067807062 0.0190594089735815 0.0162604582391663 0.0136326386409669 0.0111437533456913 0.00867633847950101 0.00677459896025067 0.00511268645185829 0.00369642865031062 0.00252854630086221 0.00160928598357741 0.000931271633409268
"21" 0.085940924582 0.078360333449 0.071514168197 0.065280526607 0.059565520961 0.054297276629 0.049415067851 0.044872757282 0.040630873178 0.0369532841409374 0.0329557370717456 0.029233376424334 0.0257643364099872 0.0225250083869723 0.019496197753095 0.0166591459473687 0.0139946063019087 0.0114702829987041 0.00894309211108324 0.00699779403757146 0.00529391808935842 0.00383810270657135 0.00263397191791939 0.00168282009371383 0.000978323168032206
"22" 0.087115567554 0.079449970003 0.072527033959 0.066223490229 0.060444398267 0.055117077463 0.050180121097 0.045586874454 0.041297423166 0.0375924785835218 0.0335540745879649 0.0297906107278683 0.026280700422723 0.0230011099932383 0.0199329865326085 0.0170578336555712 0.0143565739628505 0.0117968126517168 0.00920984574266548 0.00722098911489226 0.00547514972685855 0.00397977676283208 0.00273939753497656 0.00175635420385025 0.00102537470265514
"23" 0.088067316846 0.080329495797 0.073341333441 0.066978399171 0.061144857933 0.055767344337 0.050783873103 0.046147349946 0.041817484434 0.0380643807394419 0.0340084426082089 0.0302239114880491 0.0266902506875942 0.023384969468481 0.0202898886817102 0.017387087479296 0.0146579506334794 0.0120702872254315 0.00947794688138491 0.00745304168262793 0.00567014947557671 0.00413768111300824 0.00286130946434455 0.00184478929895866 0.0010844266695912
"24" 0.088796172458 0.080998910831 0.073957066643 0.067545253433 0.061666899959 0.056248077251 0.051226323869 0.046554183758 0.042191056982 0.0383689906086974 0.0343188411324774 0.0305332787048764 0.0269929872046008 0.0236765868127005 0.0205669042004001 0.0176469074185431 0.0148987363137956 0.012290706719848 0.00974739552724155 0.0076939517407785 0.00587891733551291 0.00431181575709982 0.00299970770602335 0.00194812537903907 0.00115547906884038
"25" 0.08952502807 0.081668325865 0.074572799845 0.068112107695 0.062188941985 0.056728810165 0.051668774635 0.04696101757 0.04256462953 0.038673600477953 0.0346292396567459 0.0308426459217038 0.0272957237216074 0.02396820415692 0.0208439197190901 0.0179067273577903 0.0151395219941117 0.0125111262142646 0.0100168441730982 0.00793486179892906 0.0060876851954491 0.0044859504011914 0.00313810594770216 0.00205146145911947 0.00122653146808956
"26" 0.090253883682 0.082337740899 0.075188533047 0.068678961957 0.062710984011 0.057209543079 0.052111225401 0.047367851382 0.042938202078 0.0389782103472085 0.0349396381810145 0.0311520131385311 0.0275984602386141 0.0242598215011395 0.02112093523778 0.0181665472970374 0.0153803076744278 0.0127315457086812 0.0102862928189548 0.00817577185707962 0.00629645305538529 0.00466008504528298 0.00327650418938096 0.00215479753919988 0.00129758386733874
"27" 0.090982739294 0.083007155933 0.075804266249 0.069245816219 0.063233026037 0.057690275993 0.052553676167 0.047774685194 0.043311774626 0.0392828202164641 0.035250036705283 0.0314613803553584 0.0279011967556207 0.024551438845359 0.0213979507564699 0.0184263672362846 0.0156210933547439 0.0129519652030977 0.0105557414648115 0.00841668191523018 0.00650522091532148 0.00483421968937456 0.00341490243105976 0.00225813361928028 0.00136863626658792
"28" 0.091800009776 0.083769779432 0.076517537096 0.069914149976 0.063860161448 0.058279433672 0.053107638968 0.048295903376 0.043802413904 0.0397317592393724 0.0356948363410479 0.0318967657148708 0.0283229147470936 0.0249561607233199 0.0217831913490479 0.0187903835841779 0.0159627657502583 0.0132705519161092 0.0108782134326844 0.00870243036396999 0.00675133173526763 0.00503883704595514 0.00357750904534412 0.00237997199299591 0.00145307869802035
"29" 0.092705695128 0.084625611396 0.077328345588 0.070683963228 0.064592390244 0.058977016116 0.053773113804 0.048931505928 0.044410119912 0.0403250274159334 0.0362740370883092 0.0324581692170683 0.0288636142130327 0.0254739871350222 0.0222766570155138 0.0192585963407175 0.0164053248609708 0.0136873058477157 0.0112537087225736 0.00903301720329906 0.00703478551522375 0.00527393711502471 0.00376432403223405 0.00252031266034675 0.00155091116163605
"30" 0.09361138048 0.08548144336 0.07813915408 0.07145377648 0.06532461904 0.05967459856 0.05443858864 0.04956710848 0.04501782592 0.0409182955924944 0.0368532378355705 0.0330195727192658 0.0294043136789719 0.0259918135467245 0.0227701226819798 0.0197268090972572 0.0168478839716833 0.0141040597793221 0.0116292040124628 0.00936360404262812 0.00731823929517988 0.00550903718409428 0.00395113901912397 0.0026606533276976 0.00164874362525174
"31" 0.094517065832 0.086337275324 0.078949962572 0.072223589732 0.066056847836 0.060372181004 0.055104063476 0.050202711032 0.045625531928 0.0415115637690554 0.0374324385828318 0.0335809762214633 0.0299450131449111 0.0265096399584268 0.0232635883484458 0.0201950218537967 0.0172904430823959 0.0145208137109286 0.012004699302352 0.00969419088195719 0.007601693075136 0.00574413725316385 0.00413795400601389 0.00280099399504844 0.00174657608886744
"32" 0.095422751184 0.087193107288 0.079760771064 0.072993402984 0.066789076632 0.061069763448 0.055769538312 0.050838313584 0.046233237936 0.0421048319456165 0.0380116393300931 0.0341423797236608 0.0304857126108502 0.0270274663701291 0.0237570540149117 0.0206632346103364 0.0177330021931084 0.014937567642535 0.0123801945922412 0.0100247777212863 0.00788514685509212 0.00597923732223342 0.00432476899290381 0.00294133466239928 0.00184440855248313
"33" 0.095984778842 0.087755454519 0.080323406907 0.073556301617 0.067352216191 0.061633125099 0.056333105781 0.051402072542 0.046797175718 0.0426710209482991 0.0385988310608224 0.0347424894542475 0.0310919113240162 0.02763411309122 0.0243596038875007 0.0212581428388028 0.018317606248438 0.0155098870516623 0.012924137950639 0.0105221943099461 0.0083286920566571 0.00636265923927477 0.00464340139458607 0.00319292138182985 0.0020300661473924
"34" 0.096203148806 0.088024317017 0.080637870101 0.073912285631 0.067746266513 0.062062265957 0.056794765883 0.051893987906 0.047317345274 0.0432101307771034 0.0391940137750197 0.0353813054132234 0.0317636092844091 0.0283295801216996 0.0250712379662128 0.0219797465391961 0.0190442552483845 0.0162377719383106 0.0136365293775454 0.0111864406479368 0.00893232867983096 0.00689440300428789 0.00509385121106065 0.00355575415334014 0.00230354887359524
"35" 0.09642151877 0.088293179515 0.080952333295 0.074268269645 0.068140316835 0.062491406815 0.057256425985 0.05238590327 0.04783751483 0.0437492406059076 0.039789196489217 0.0360201213721993 0.0324353072448019 0.0290250471521791 0.0257828720449249 0.0227013502395894 0.0197709042483311 0.0169656568249588 0.0143489208044518 0.0118506869859275 0.00953596530300481 0.00742614676930102 0.00554430102753524 0.00391858692485043 0.00257703159979807
"36" 0.096639888734 0.088562042013 0.081266796489 0.074624253659 0.068534367157 0.062920547673 0.057718086087 0.052877818634 0.048357684386 0.0442883504347119 0.0403843792034144 0.0366589373311751 0.0331070052051948 0.0297205141826586 0.026494506123637 0.0234229539399827 0.0204975532482777 0.017693541711607 0.0150613122313583 0.0125149333239182 0.0101396019261787 0.00795789053431414 0.00599475084400983 0.00428141969636073 0.00285051432600091
"37" 0.096858258698 0.088830904511 0.081581259683 0.074980237673 0.068928417479 0.063349688531 0.058179746189 0.053369733998 0.048877853942 0.0448274602635162 0.0409795619176117 0.037297753290151 0.0337787031655876 0.0304159812131382 0.0272061402023491 0.024144557640376 0.0212242022482242 0.0184214265982552 0.0157737036582647 0.0131791796619088 0.0107432385493525 0.00848963429932727 0.00644520066048442 0.00464425246787102 0.00312399705220375
"38" 0.097462194758 0.089457210681 0.082227768693 0.075645141983 0.069610186609 0.064047004101 0.058891469019 0.054094861058 0.049615498682 0.0455730153490928 0.0417630704468105 0.0381090801960826 0.0346090376929385 0.0312578105430561 0.0280531722663731 0.0249916499268769 0.0220672629483453 0.0192572459479506 0.0165855220380676 0.0139379411119323 0.0114368186815556 0.00910659896579039 0.0069754153958068 0.00508003060474316 0.00346166815688321
"39" 0.098451696914 0.090440960523 0.083206323519 0.076618966589 0.070579674547 0.065012494383 0.059853254577 0.055053199814 0.050570618606 0.0465250156914419 0.0427349047910107 0.03909291804897 0.0355980087872473 0.0322460021724124 0.0290356023157091 0.0259642307994855 0.0230267353486409 0.0202009997606933 0.0174967673707669 0.0147912176739886 0.0122203423227878 0.00980878453370349 0.007585395049977 0.00558875410697716 0.00386352764003931
"40" 0.09944119907 0.091424710365 0.084184878345 0.077592791195 0.071549162485 0.065977984665 0.060815040135 0.05601153857 0.05152573853 0.047477016033791 0.043706739135211 0.0400767559018574 0.0365869798815562 0.0332341938017687 0.0300180323650451 0.0269368116720942 0.0239862077489365 0.0211447535734359 0.0184080127034662 0.0156444942360448 0.0130038659640201 0.0105109701016166 0.00819537470414719 0.00609747760921116 0.00426538712319541
"41" 0.100430701226 0.092408460207 0.085163433171 0.078566615801 0.072518650423 0.066943474947 0.061776825693 0.056969877326 0.052480858454 0.0484290163761401 0.0446785734794113 0.0410605937547448 0.037575950975865 0.0342223854311251 0.0310004624143811 0.0279093925447028 0.0249456801492321 0.0220885073861785 0.0193192580361655 0.0164977707981011 0.0137873896052524 0.0112131556695297 0.00880535435831738 0.00660620111144515 0.00466724660635151
"42" 0.101420203382 0.093392210049 0.086141987997 0.079540440407 0.073488138361 0.067908965229 0.062738611251 0.057928216082 0.053435978378 0.0493810167184892 0.0456504078236116 0.0420444316076322 0.0385649220701739 0.0352105770604814 0.0319828924637171 0.0288819734173114 0.0259051525495277 0.0230322611989211 0.0202305033688648 0.0173510473601573 0.0145709132464846 0.0119153412374428 0.00941533401248757 0.00711492461367915 0.00506910608950761
"43" 0.104855612894 0.096624371133 0.089190591849 0.082421909819 0.076216378837 0.070495955193 0.065194700967 0.060262518794 0.055656549026 0.0514686306233755 0.0476733543572459 0.0439979729388168 0.0404451900055134 0.0370145163747228 0.0337083153520489 0.0305275115224916 0.0274701475792762 0.0245327755295116 0.0216480233966473 0.0186526438611486 0.0157462579317692 0.0129544029527018 0.0103089114671822 0.00785592124969815 0.0056543599417918
"44" 0.110736929762 0.102104943459 0.094309244727 0.087211024037 0.080703371851 0.074704444839 0.069145094841 0.063972785462 0.059142570398 0.0546918580907989 0.0507474130803142 0.0469212177482988 0.0432167547818835 0.0396342033738492 0.0361767310793765 0.0328460068602434 0.0296406652384776 0.0265900503779499 0.0235718181195131 0.020402560301075 0.0173134236611061 0.0143303408153066 0.0114860867224012 0.00882919101950216 0.00642300816320408
"45" 0.11661824663 0.107585515785 0.099427897605 0.092000138255 0.085190364865 0.078912934485 0.073095488715 0.06768305213 0.06262859177 0.0579150855582224 0.0538214718033826 0.0498444625577807 0.0459883195582537 0.0422538903729757 0.0386451468067041 0.0351645021979953 0.0318111828976791 0.0286473252263883 0.0254956128423788 0.0221524767410014 0.018880589390443 0.0157062786779114 0.0126632619776202 0.00980246078930616 0.00719165638461637
"46" 0.122499563498 0.113066088111 0.104546550483 0.096789252473 0.089677357879 0.083121424131 0.077045882589 0.071393318798 0.066114613142 0.0611383130256459 0.0568955305264509 0.0527677073672626 0.0487598843346239 0.0448735773721022 0.0411135625340317 0.0374829975357471 0.0339817005568805 0.0307046000748266 0.0274194075652446 0.0239023931809278 0.0204477551197799 0.0170822165405162 0.0138404372328393 0.0107757305591102 0.00796030460602865
"47" 0.128380880366 0.118546660437 0.109665203361 0.101578366691 0.094164350893 0.087329913777 0.080996276463 0.075103585466 0.069600634514 0.0643615404930694 0.0599695892495192 0.0556909521767445 0.051531449110994 0.0474932643712286 0.0435819782613593 0.0398014928734989 0.0361522182160819 0.0327618749232649 0.0293432022881104 0.0256523096208542 0.0220149208491169 0.018458154403121 0.0150176124880583 0.0117490003289142 0.00872895282744094
"48" 0.13585215738 0.12550118791 0.11615304523 0.10764127713 0.09983768399 0.09264412411 0.08597767909 0.07977535038 0.07398324102 0.0684595756606199 0.0638518295216759 0.0593589788085718 0.0549875553599075 0.0507402870504865 0.0466234800901129 0.0426416781835341 0.0387957366964398 0.03522269195945 0.031611913926792 0.0276952510438366 0.0238260124100039 0.0200321424467181 0.0163506687205899 0.0128403154313723 0.00958283309944457
"49" 0.14491339454 0.13392967053 0.12401007609 0.11497798379 0.10669735717 0.09906405513 0.09199009047 0.08540861354 0.07926243266 0.0734324185282974 0.0685422513429209 0.0637717872627447 0.0591282030813643 0.0546146454098759 0.0502380680202924 0.0460035534658529 0.0419122559979541 0.0380870511833817 0.0342255424812896 0.030031217449875 0.0258810298024411 0.0218041806713074 0.0178396059304341 0.0140496758664846 0.0105219454220396
"50" 0.1539746317 0.14235815315 0.13186710695 0.12231469045 0.11355703035 0.10548398615 0.09800250185 0.0910418767 0.0845416243 0.078405261395975 0.073232673164166 0.0681845957169175 0.0632688508028211 0.0584890037692652 0.0538526559504719 0.0493654287481716 0.0450287752994685 0.0409514104073134 0.0368391710357872 0.0323671838559134 0.0279360471948783 0.0235762188958966 0.0193285431402782 0.0152590363015969 0.0114610577446345
"51" 0.16303586886 0.15078663577 0.13972413781 0.12965139711 0.12041670353 0.11190391717 0.10401491323 0.09667513986 0.08982081594 0.0833781042636525 0.077923094985411 0.0725974041710903 0.0674094985242778 0.0623633621286545 0.0574672438806514 0.0527273040304903 0.0481452946009829 0.0438157696312451 0.0394527995902848 0.0347031502619518 0.0299910645873155 0.0253482571204859 0.0208174803501224 0.0164683967367092 0.0124001700672295
"52" 0.17209710602 0.15921511839 0.14758116867 0.13698810377 0.12727637671 0.11832384819 0.11002732461 0.10230840302 0.09510000758 0.0883509471313301 0.082613516806656 0.0770102126252631 0.0715501462457346 0.0662377204880438 0.061081831810831 0.056089179312809 0.0512618139024972 0.0466801288551768 0.0420664281447824 0.0370391166679902 0.0320460819797526 0.0271202953450752 0.0223064175599665 0.0176777571718216 0.0133392823898245
"53" 0.186964147482 0.173008074999 0.160404100347 0.148927798257 0.138406318911 0.128707339179 0.119719061301 0.111356545182 0.103547122278 0.0962184293097589 0.090016152685074 0.0839561172687863 0.0780484275075602 0.0722981102654863 0.0667150673308627 0.0613068307859604 0.0560758975411499 0.051129168634808 0.0461204226261335 0.0406568009877924 0.0352235831516747 0.0298557970182821 0.0246011576134123 0.0195386879793817 0.0147823265867264
"54" 0.207636993246 0.192165505597 0.178192932841 0.165470480571 0.153806530133 0.143054390137 0.133090123303 0.123819566346 0.115162160034 0.106980550798939 0.100131002620665 0.0934351181016599 0.0869043423097546 0.0805445314609819 0.0743669504407465 0.0683802584499443 0.0625875455169408 0.0571628889701388 0.051614783034338 0.0455562032213585 0.0395235681030818 0.0335547621401066 0.0277017005104598 0.0220511891593897 0.0167293026579351
"55" 0.22830983901 0.211322936195 0.195981765335 0.182013162885 0.169206741355 0.157401441095 0.146461185305 0.13628258751 0.12677719779 0.117742672288119 0.110245852556256 0.102914118934533 0.095760257111949 0.0887909526564775 0.0820188335506304 0.0754536861139283 0.0690991934927317 0.0631966093054696 0.0571091434425426 0.0504556054549246 0.0438235530544888 0.0372537272619311 0.0308022434075072 0.0245636903393978 0.0186762787291439
"56" 0.248982684774 0.230480366793 0.213770597829 0.198555845199 0.184606952577 0.171748492053 0.159832247307 0.148745608674 0.138392235546 0.128504793777299 0.120360702491847 0.112393119767407 0.104616171914143 0.0970373738519731 0.0896707166605143 0.0825271137779122 0.0756108414685226 0.0692303296408004 0.0626035038507471 0.0553550076884907 0.0481235380058958 0.0409526923837556 0.0339027863045547 0.0270761915194058 0.0206232548003526
"57" 0.269655530538 0.249637797391 0.231559430323 0.215098527513 0.200007163799 0.186095543011 0.173203309309 0.161208629838 0.150007273302 0.13926691526648 0.130475552427438 0.12187212060028 0.113472086716338 0.105283795047469 0.0973225997703982 0.0896005414418962 0.0821224894443135 0.0752640499761312 0.0680978642589517 0.0602544099220568 0.0524235229573028 0.0446516575055801 0.0370033292016021 0.0295886926994138 0.0225702308715614
"58" 0.2925138508 0.2709746306 0.2515221818 0.2338101358 0.2175717234 0.2026027226 0.1887305894 0.1758242308 0.1637714932 0.152236211849441 0.142794929092517 0.133548257256856 0.124513434714271 0.115700092366465 0.107125443184856 0.0988031653138462 0.090739216424389 0.0833293589726746 0.075555339117383 0.0670282609876749 0.0584930131831875 0.0499969219271218 0.0416066171936025 0.0334385308153874 0.0256671786491809
"59" 0.31755764556 0.29449086642 0.27365885226 0.25469067006 0.23730063138 0.22127003082 0.20641408758 0.19259241156 0.17968489524 0.167412683526184 0.157318832487083 0.147421529737132 0.137740215907944 0.128286265808962 0.119079246903888 0.110134985393762 0.101461022408749 0.0934262566304306 0.0849759284260411 0.0756765608853451 0.0663320086835497 0.0569884856483806 0.0477126502805557 0.0386257058673267 0.0299140981332112
"60" 0.34260144032 0.31800710224 0.29579552272 0.27557120432 0.25702953936 0.23993733904 0.22409758576 0.20936059232 0.19559829728 0.182589155202928 0.171842735881649 0.161294802217409 0.150966997101616 0.140872439251459 0.13103305062292 0.121466805473678 0.112182828393109 0.103523154288187 0.0943965177346991 0.0843248607830153 0.074171004183912 0.0639800493696395 0.053818683367509 0.0438128809192659 0.0341610176172415
"61" 0.36764523508 0.34152333806 0.31793219318 0.29645173858 0.27675844734 0.25860464726 0.24178108394 0.22612877308 0.21151169932 0.197765626879671 0.186366639276215 0.175168074697685 0.164193778295288 0.153458612693956 0.142986854341952 0.132798625553595 0.122904634377469 0.113620051945943 0.103817107043357 0.0929731606806854 0.0820099996842742 0.0709716130908983 0.0599247164544622 0.0490000559712051 0.0384079371012719
"62" 0.39268902984 0.36503957388 0.34006886364 0.31733227284 0.29648735532 0.27727195548 0.25946458212 0.24289695384 0.22742510136 0.212942098556414 0.200890542670782 0.189041347177962 0.177420559488961 0.166044786136452 0.154940658060984 0.144130445633511 0.133626440361829 0.123716949603699 0.113237696352015 0.101621460578356 0.0898489951846365 0.0779631768121571 0.0660307495414155 0.0541872310231444 0.0426548565853022
"63" 0.422717882442 0.393460654719 0.367037937507 0.342979250217 0.320922233991 0.300589489299 0.281746645581 0.264215636142 0.247844120118 0.232599481327464 0.219875880039778 0.207350652494829 0.195052420721688 0.18299995274837 0.171222744532569 0.159745772639579 0.148583471620855 0.137978438665801 0.126726319993402 0.114210315211767 0.101473971776822 0.0885539663654518 0.0755108759280026 0.0624783508368625 0.0496844112487993
"64" 0.457731792886 0.426786580577 0.398839414781 0.373392670711 0.350063083353 0.328557248717 0.308627274323 0.290084819986 0.272768755594 0.25673777519282 0.243322651383205 0.230095990648286 0.217089361993469 0.204324112529709 0.191833113756707 0.1796446065718 0.167775728154547 0.15640451913225 0.144282977967518 0.130739724580918 0.116884929460831 0.102743981750782 0.0883650956142236 0.0738734154123596 0.0594966010917633
"65" 0.49274570333 0.460112506435 0.430640892055 0.403806091205 0.379203932715 0.356525008135 0.335507903065 0.31595400383 0.29769339107 0.280876069058176 0.266769422726632 0.252841328801743 0.239126303265251 0.225648272311048 0.212443482980846 0.199543440504021 0.186967984688239 0.1748305995987 0.161839635941634 0.14726913395007 0.132295887144841 0.116933997136113 0.101219315300445 0.0852684799878567 0.0693087909347273
"66" 0.527759613774 0.493438432293 0.462442369329 0.434219511699 0.408344782077 0.384492767553 0.362388531807 0.341823187674 0.322618026546 0.305014362923532 0.290216194070059 0.275586666955201 0.261163244537032 0.246972432092387 0.233053852204984 0.219442274436242 0.206160241221931 0.193256680065149 0.17939629391575 0.163798543319222 0.14770684482885 0.131124012521444 0.114073534986666 0.0966635445633537 0.0791209807776913
"67" 0.562773524218 0.526764358151 0.494243846603 0.464632932193 0.437485631439 0.412460526971 0.389269160549 0.367692371518 0.347542662022 0.329152656788888 0.313662965413487 0.298332005108658 0.283200185808814 0.268296591873726 0.253664221429122 0.239341108368463 0.225352497755622 0.211682760531598 0.196952951889866 0.180327952688374 0.163117802512859 0.145314027906774 0.126927754672887 0.108058609138851 0.0889331706206553
"68" 0.598888628574 0.561563460893 0.527854445129 0.497161361499 0.469021927477 0.443082248153 0.419043323207 0.396677982474 0.375791875746 0.356755442062353 0.340766387458137 0.324918904082369 0.309255845097536 0.293808579854761 0.27862310737995 0.263740494156958 0.24918866783722 0.234938822776735 0.219462351801614 0.201926714951001 0.183690208136186 0.16472421690531 0.145015232795214 0.124637364098598 0.103794195184174
"69" 0.636104926842 0.597835740519 0.563274164907 0.531804799617 0.502953670191 0.476357931099 0.451711019781 0.428780020542 0.407365667718 0.387822718743928 0.37152646020401 0.355347363876332 0.339330222403198 0.323508396035491 0.307930510057467 0.292640431801728 0.277668751466725 0.263024866800561 0.246924493650994 0.228594830107103 0.20942406169883 0.18935457951705 0.168335969353646 0.146399809442594 0.123704054468248
"70" 0.67332122511 0.634108020145 0.598693884685 0.566448237735 0.536885412905 0.509633614045 0.484378716355 0.46088205861 0.43893945969 0.418889995425503 0.402286532949883 0.385775823670296 0.36940459970886 0.353208212216221 0.337237912734984 0.321540369446498 0.306148835096229 0.291110910824387 0.274386635500373 0.255262945263205 0.235157915261475 0.213984942128791 0.191656705912079 0.168162254786591 0.143613913752321
"71" 0.710537523378 0.670380299771 0.634113604463 0.601091675853 0.570817155619 0.542909296991 0.517046412929 0.492984096678 0.470513251662 0.449957272107079 0.433046605695757 0.41620428346426 0.399478977014522 0.382908028396951 0.3665453154125 0.350440307091268 0.334628918725734 0.319196954848212 0.301848777349753 0.281931060419308 0.26089176882412 0.238615304740532 0.214977442470512 0.189924700130588 0.163523773036395
"72" 0.747753821646 0.706652579397 0.669533324241 0.635735113971 0.604748898333 0.576184979937 0.549714109503 0.525086134746 0.502087043634 0.481024548788654 0.46380667844163 0.446632743258224 0.429553354320184 0.412607844577681 0.395852718090017 0.379340244736037 0.363109002355238 0.347282998872038 0.329310919199133 0.30859917557541 0.286625622386764 0.263245667352272 0.238298179028945 0.211687145474584 0.183433632320468
"73" 0.773495426327867 0.733664423539822 0.697518370799571 0.664460889514602 0.634030808946797 0.60587452221826 0.579690846304533 0.555251357747951 0.532359383091266 0.511325049035983 0.494141159961213 0.476951068178256 0.459806090307449 0.442746755978426 0.425831392842934 0.409114649140179 0.392637794243976 0.376546148461356 0.358142567003513 0.336840373227908 0.31412774085342 0.289828911646457 0.263742893353704 0.23572650587633 0.205748229838151
"74" 0.787762337423601 0.751415832199465 0.718068744138712 0.687269002483807 0.65866288746039 0.631977923834778 0.606976623333598 0.583479765683851 0.561330270033798 0.540858772849067 0.524050050254504 0.507159258224358 0.490237184976317 0.473324762599187 0.456481339671252 0.439763520303693 0.423215294391947 0.406986403616167 0.388343720762893 0.366654653376803 0.343398124224088 0.318365037623085 0.29131158544479 0.262042781335825 0.230467565589442
"75" 0.802029248519335 0.769167240859109 0.738619117477853 0.710077115453012 0.683294965973984 0.658081325451297 0.634262400362664 0.611708173619752 0.590301156976331 0.570392496662151 0.553958940547796 0.53736744827046 0.520668279645185 0.503902769219947 0.48713128649957 0.470412391467208 0.453792794539918 0.437426658770978 0.418544874522273 0.396468933525697 0.372668507594755 0.346901163599713 0.318880277535877 0.28835905679532 0.255186901340734
"76" 0.816296159615069 0.786918649518752 0.759169490816994 0.732885228422217 0.707927044487577 0.684184727067816 0.661548177391729 0.639936581555653 0.619272043918863 0.599926220475235 0.583867830841088 0.567575638316562 0.551099374314053 0.534480775840707 0.517781233327888 0.501061262630722 0.484370294687889 0.467866913925789 0.448746028281653 0.426283213674592 0.401938890965423 0.375437289576342 0.346448969626963 0.314675332254815 0.279906237092025
"77" 0.830563070710803 0.804670058178396 0.779719864156135 0.755693341391421 0.732559123001171 0.710288128684335 0.688833954420795 0.668164989491553 0.648242930861395 0.629459944288319 0.61377672113438 0.597783828362664 0.581530468982921 0.565058782461467 0.548431180156205 0.531710133794236 0.514947794835861 0.4983071690806 0.478947182041033 0.456097493823486 0.431209274336091 0.40397341555297 0.374017661718049 0.34099160771431 0.304625572843316
"78" 0.846829881595527 0.823702429905053 0.801082154712836 0.779027343114308 0.757566350529952 0.736716536851388 0.716469518472909 0.696823683295235 0.677765770172535 0.659693631075857 0.644530133008619 0.629000675655742 0.613151730400206 0.597023550419225 0.580676922891701 0.564173542683848 0.547565666967104 0.531016615484415 0.511687257866315 0.488770652029364 0.463684757853206 0.43608550289957 0.405553939940314 0.371678995912145 0.334114760548172
"79" 0.86509659226924 0.844015764698725 0.823256362487095 0.802887233590876 0.782948727073921 0.763469951568974 0.744454869548071 0.725912662966697 0.707840561852283 0.690627280837848 0.676128066463807 0.661226180195794 0.645963158565907 0.630375079713979 0.614518461534376 0.598451489299559 0.582223911081618 0.565995253137232 0.5469662557575 0.524302688292224 0.499365341516768 0.471773551616141 0.441057804293758 0.40673749684832 0.368373800206591
"80" 0.883363302942954 0.864329099492396 0.845430570261354 0.826747124067444 0.808331103617889 0.790223366286561 0.772440220623234 0.755001642638159 0.73791535353203 0.72156093059984 0.707725999918995 0.693451684735847 0.678774586731609 0.663726609008733 0.64836000017705 0.63272943591527 0.616882155196133 0.60097389079005 0.582245253648684 0.559834724555084 0.53504592518033 0.507461600332712 0.476561668647201 0.441795997784496 0.40263283986501
"81" 0.901630013616667 0.884642434286067 0.867604778035613 0.850607014544012 0.833713480161858 0.816976781004148 0.800425571698396 0.784090622309621 0.767990145211778 0.752494580361832 0.739323933374183 0.725677189275899 0.71158601489731 0.697078138303487 0.682201538819724 0.667007382530981 0.651540399310648 0.635952528442867 0.617524251539869 0.595366760817944 0.570726508843892 0.543149649049284 0.512065533000645 0.476854498720671 0.43689187952343
"82" 0.91989672429038 0.904955769079738 0.889778985809873 0.87446690502058 0.859095856705826 0.843730195721734 0.828410922773558 0.813179601981084 0.798064936891526 0.783428230123823 0.770921866829371 0.757902693815952 0.744397443063012 0.730429667598242 0.716043077462398 0.701285329146692 0.686198643425163 0.670931166095685 0.652803249431053 0.630898797080804 0.606407092507455 0.578837697765855 0.547569397354089 0.511912999656847 0.471150919181849
"83" 0.933997059813346 0.920928061463492 0.907518069345294 0.893866758634032 0.88005223339211 0.866141587820002 0.852180374756145 0.8382141458412 0.824276244799057 0.810708664530222 0.799063605610796 0.786892134383781 0.77421554308065 0.761052528648705 0.747441244405983 0.733424233574889 0.719039520176908 0.704427270682737 0.687007457799757 0.665860546204979 0.642092860367186 0.615188074209122 0.584486538916184 0.549240214385973 0.508644578503134
"84" 0.943931020185564 0.932559311437329 0.920822028641878 0.908806575384369 0.896582610220708 0.884210957298952 0.871733927646155 0.859194253889971 0.846624068934373 0.834335883581029 0.823749149718459 0.812645510979388 0.801040314950225 0.788946721454878 0.776396039650477 0.763424095815574 0.750063029565884 0.736440842204023 0.720136876645979 0.70025200819047 0.677783812423086 0.652200778379084 0.62281695768693 0.58883614290805 0.549372857487286
"85" 0.953864980557781 0.944190561411166 0.934125987938461 0.923746392134706 0.913112987049306 0.902280326777901 0.891287480536166 0.880174361938742 0.868971893069688 0.857963102631836 0.848434693826122 0.838398887574995 0.8278650868198 0.81684091426105 0.805350834894971 0.793423958056258 0.781086538954859 0.768454413725309 0.753266295492202 0.73464347017596 0.713474764478987 0.689213482549047 0.661147376457677 0.628432071430127 0.590101136471437
"86" 0.963798940929999 0.955821811385002 0.947429947235045 0.938686208885043 0.929643363877904 0.920349696256851 0.910841033426177 0.901154469987513 0.891319717205004 0.881590321682643 0.873120237933785 0.864152264170602 0.854689858689374 0.844735107067223 0.834305630139465 0.823423820296942 0.812110048343835 0.800467985246595 0.786395714338425 0.769034932161451 0.749165716534887 0.72622618671901 0.699477795228423 0.668027999952204 0.630829415455589
"87" 0.973732901302217 0.967453061358839 0.960733906531629 0.953626025635379 0.946173740706502 0.938419065735801 0.930394586316187 0.922134578036284 0.913667541340319 0.905217540733449 0.897805782041448 0.889905640766208 0.881514630558949 0.872629299873396 0.863260425383959 0.853423682537626 0.843133557732811 0.832481556767881 0.819525133184648 0.803426394146941 0.784856668590787 0.763238890888972 0.73780821399917 0.70762392847428 0.67155769443974
"88" 0.980829893339494 0.975941817711182 0.970647297561928 0.964986340609493 0.958995036208721 0.952708375427748 0.946154226485073 0.939362168854602 0.932357308067179 0.925328035232967 0.919133698685752 0.912504096157611 0.905434314844363 0.897918756648834 0.889964040705586 0.881581252292171 0.872780781184569 0.863639508275672 0.852480858346983 0.838559912625718 0.822431930156863 0.803570718676558 0.781276081046089 0.754679703461787 0.722729650538634
"89" 0.985089917041828 0.98128808044203 0.977170120325944 0.972767153807383 0.968107250384561 0.963217625332693 0.958119953932835 0.952837242442468 0.947389017385584 0.941921805181197 0.937103987866696 0.931947630344808 0.926448911545616 0.920603477393537 0.914416476104344 0.907896529560578 0.901051718699109 0.893941839769967 0.885262889825431 0.87443548759778 0.861891501233116 0.847221670081767 0.82988139636918 0.809195324914723 0.784345283752271
"90" 0.989349940744163 0.986634343172879 0.98369294308996 0.980547967005274 0.977219464560401 0.973726875237638 0.970085681380596 0.966312316030334 0.962420726703988 0.958515575129426 0.95507427704764 0.951391164532006 0.947463508246868 0.943288198138241 0.938868911503103 0.934211806828984 0.929322656213649 0.924244171264262 0.918044921303879 0.910311062569843 0.901351072309369 0.890872621486977 0.878486711692272 0.863710946367659 0.845960916965908
"91" 0.993609964446498 0.991980605903727 0.990215765853976 0.988328780203164 0.986331678736241 0.984236125142583 0.982051408828358 0.979787389618201 0.977452436022393 0.975109345077656 0.973044566228584 0.970834698719204 0.968478104948121 0.965972918882945 0.963321346901862 0.96052708409739 0.95759359372819 0.954546502758557 0.950826952782328 0.946186637541906 0.940810643385621 0.934523572892186 0.927092027015363 0.918226567820596 0.907576550179545
"92" 0.997869988148833 0.997326868634576 0.996738588617992 0.996109593401055 0.99544389291208 0.994745375047528 0.994017136276119 0.993262463206067 0.992484145340798 0.991703115025885 0.991014855409528 0.990278232906401 0.989492701649374 0.988657639627648 0.987773782300621 0.986842361365797 0.98586453124273 0.984848834252853 0.983608984260776 0.982062212513969 0.980270214461874 0.978174524297395 0.975697342338454 0.972742189273532 0.969192183393182
"93" 1 1 1 1 1 1 1 1 1 1 1 1 1 1 1 1 1 1 1 1 1 1 1 1 1
"94" 1 1 1 1 1 1 1 1 1 1 1 1 1 1 1 1 1 1 1 1 1 1 1 1 1
"95" 1 1 1 1 1 1 1 1 1 1 1 1 1 1 1 1 1 1 1 1 1 1 1 1 1
"96" 1 1 1 1 1 1 1 1 1 1 1 1 1 1 1 1 1 1 1 1 1 1 1 1 1
"97" 1 1 1 1 1 1 1 1 1 1 1 1 1 1 1 1 1 1 1 1 1 1 1 1 1
"98" 1 1 1 1 1 1 1 1 1 1 1 1 1 1 1 1 1 1 1 1 1 1 1 1 1
"99" 1 1 1 1 1 1 1 1 1 1 1 1 1 1 1 1 1 1 1 1 1 1 1 1 1
"100" 1 1 1 1 1 1 1 1 1 1 1 1 1 1 1 1 1 1 1 1 1 1 1 1 1
"101" 1 1 1 1 1 1 1 1 1 1 1 1 1 1 1 1 1 1 1 1 1 1 1 1 1
"102" 1 1 1 1 1 1 1 1 1 1 1 1 1 1 1 1 1 1 1 1 1 1 1 1 1
"103" 1 1 1 1 1 1 1 1 1 1 1 1 1 1 1 1 1 1 1 1 1 1 1 1 1
"104" 1 1 1 1 1 1 1 1 1 1 1 1 1 1 1 1 1 1 1 1 1 1 1 1 1
"105" 1 1 1 1 1 1 1 1 1 1 1 1 1 1 1 1 1 1 1 1 1 1 1 1 1
"106" 1 1 1 1 1 1 1 1 1 1 1 1 1 1 1 1 1 1 1 1 1 1 1 1 1
"107" 1 1 1 1 1 1 1 1 1 1 1 1 1 1 1 1 1 1 1 1 1 1 1 1 1
"108" 1 1 1 1 1 1 1 1 1 1 1 1 1 1 1 1 1 1 1 1 1 1 1 1 1
"109" 1 1 1 1 1 1 1 1 1 1 1 1 1 1 1 1 1 1 1 1 1 1 1 1 1
"110" 1 1 1 1 1 1 1 1 1 1 1 1 1 1 1 1 1 1 1 1 1 1 1 1 1
"111" 1 1 1 1 1 1 1 1 1 1 1 1 1 1 1 1 1 1 1 1 1 1 1 1 1
"112" 1 1 1 1 1 1 1 1 1 1 1 1 1 1 1 1 1 1 1 1 1 1 1 1 1
"113" 1 1 1 1 1 1 1 1 1 1 1 1 1 1 1 1 1 1 1 1 1 1 1 1 1
"114" 1 1 1 1 1 1 1 1 1 1 1 1 1 1 1 1 1 1 1 1 1 1 1 1 1
"115" 1 1 1 1 1 1 1 1 1 1 1 1 1 1 1 1 1 1 1 1 1 1 1 1 1
"116" 1 1 1 1 1 1 1 1 1 1 1 1 1 1 1 1 1 1 1 1 1 1 1 1 1
"117" 1 1 1 1 1 1 1 1 1 1 1 1 1 1 1 1 1 1 1 1 1 1 1 1 1
"118" 1 1 1 1 1 1 1 1 1 1 1 1 1 1 1 1 1 1 1 1 1 1 1 1 1
"119" 1 1 1 1 1 1 1 1 1 1 1 1 1 1 1 1 1 1 1 1 1 1 1 1 1
"120" 1 1 1 1 1 1 1 1 1 1 1 1 1 1 1 1 1 1 1 1 1 1 1 1 1
"121" 1 1 1 1 1 1 1 1 1 1 1 1 1 1 1 1 1 1 1 1 1 1 1 1 1
"122" 1 1 1 1 1 1 1 1 1 1 1 1 1 1 1 1 1 1 1 1 1 1 1 1 1
"123" 1 1 1 1 1 1 1 1 1 1 1 1 1 1 1 1 1 1 1 1 1 1 1 1 1
"124" 1 1 1 1 1 1 1 1 1 1 1 1 1 1 1 1 1 1 1 1 1 1 1 1 1
"125" 1 1 1 1 1 1 1 1 1 1 1 1 1 1 1 1 1 1 1 1 1 1 1 1 1
"126" 1 1 1 1 1 1 1 1 1 1 1 1 1 1 1 1 1 1 1 1 1 1 1 1 1
"127" 1 1 1 1 1 1 1 1 1 1 1 1 1 1 1 1 1 1 1 1 1 1 1 1 1
"128" 1 1 1 1 1 1 1 1 1 1 1 1 1 1 1 1 1 1 1 1 1 1 1 1 1
"129" 1 1 1 1 1 1 1 1 1 1 1 1 1 1 1 1 1 1 1 1 1 1 1 1 1
"130" 1 1 1 1 1 1 1 1 1 1 1 1 1 1 1 1 1 1 1 1 1 1 1 1 1
"131" 1 1 1 1 1 1 1 1 1 1 1 1 1 1 1 1 1 1 1 1 1 1 1 1 1
"132" 1 1 1 1 1 1 1 1 1 1 1 1 1 1 1 1 1 1 1 1 1 1 1 1 1
"133" 1 1 1 1 1 1 1 1 1 1 1 1 1 1 1 1 1 1 1 1 1 1 1 1 1
"134" 1 1 1 1 1 1 1 1 1 1 1 1 1 1 1 1 1 1 1 1 1 1 1 1 1
"135" 1 1 1 1 1 1 1 1 1 1 1 1 1 1 1 1 1 1 1 1 1 1 1 1 1
"136" 1 1 1 1 1 1 1 1 1 1 1 1 1 1 1 1 1 1 1 1 1 1 1 1 1
"137" 1 1 1 1 1 1 1 1 1 1 1 1 1 1 1 1 1 1 1 1 1 1 1 1 1
"138" 1 1 1 1 1 1 1 1 1 1 1 1 1 1 1 1 1 1 1 1 1 1 1 1 1
"139" 1 1 1 1 1 1 1 1 1 1 1 1 1 1 1 1 1 1 1 1 1 1 1 1 1
"140" 1 1 1 1 1 1 1 1 1 1 1 1 1 1 1 1 1 1 1 1 1 1 1 1 1
"141" 1 1 1 1 1 1 1 1 1 1 1 1 1 1 1 1 1 1 1 1 1 1 1 1 1
"142" 1 1 1 1 1 1 1 1 1 1 1 1 1 1 1 1 1 1 1 1 1 1 1 1 1
"143" 1 1 1 1 1 1 1 1 1 1 1 1 1 1 1 1 1 1 1 1 1 1 1 1 1
"144" 1 1 1 1 1 1 1 1 1 1 1 1 1 1 1 1 1 1 1 1 1 1 1 1 1
"145" 1 1 1 1 1 1 1 1 1 1 1 1 1 1 1 1 1 1 1 1 1 1 1 1 1
"146" 1 1 1 1 1 1 1 1 1 1 1 1 1 1 1 1 1 1 1 1 1 1 1 1 1
"147" 1 1 1 1 1 1 1 1 1 1 1 1 1 1 1 1 1 1 1 1 1 1 1 1 1
"148" 1 1 1 1 1 1 1 1 1 1 1 1 1 1 1 1 1 1 1 1 1 1 1 1 1
"149" 1 1 1 1 1 1 1 1 1 1 1 1 1 1 1 1 1 1 1 1 1 1 1 1 1
"150" 1 1 1 1 1 1 1 1 1 1 1 1 1 1 1 1 1 1 1 1 1 1 1 1 1
