"1" "2" "3" "4" "5" "6" "7" "8" "9" "10" "11" "12" "13" "14" "15" "16" "17" "18" "19" "20" "21" "22" "23" "24" "25"
"0" 0.33663338982 0.30857421798 0.28299066579 0.259509446595 0.237830755365 0.217723527945 0.198988273575 0.181472340105 0.165038814675 0.14957515188 0.134387470121843 0.120166928855991 0.106809267810446 0.0942453594273992 0.0824030383445387 0.0712349936109458 0.0606704822036744 0.0506738274040256 0.0411997591119125 0.0322047522857853 0.0243042486897083 0.0176724598009612 0.0120067670359328 0.00741927929062328 0.00401259949805936
"1" 0.210580887232 0.192071866048 0.175195868704 0.159706659472 0.145406474224 0.132142893232 0.11978432392 0.108230070448 0.09738981928 0.087189330688 0.0764319246784946 0.0662842394618567 0.0570655167877041 0.0486639846275043 0.0409698483583137 0.0338943141510181 0.0273395744287972 0.0212368355543914 0.0155188544398314 0.0101275551158783 0.00669364094552759 0.00415711106125071 0.00231357484943709 0.00110303700476011 0.000422329740366154
"2" 0.141614662656 0.129199555584 0.117879815232 0.107490276576 0.097898287392 0.089001610656 0.08071197936 0.072961850784 0.06569064624 0.058848568704 0.0516902112256411 0.0449330396577131 0.0387744390380079 0.0331450150186948 0.0279760825587632 0.0232124028239785 0.0187919657489795 0.014671574617611 0.0108083629877764 0.00716496643465688 0.00480071465705689 0.00301824079455318 0.00170594494504531 0.000829929110761762 0.000326531029146486
"3" 0.07264843808 0.06632724512 0.06056376176 0.05527389368 0.05039010056 0.04586032808 0.0416396348 0.03769363112 0.0339914732 0.03050780672 0.0269484977727876 0.0235818398535696 0.0204833612883117 0.0176260454098854 0.0149823167592126 0.0125304914969389 0.0102443570691619 0.00810631368083058 0.00609787153572139 0.00420237775343542 0.00290778836858618 0.00187937052785564 0.00109831504065354 0.000556821216763417 0.000230732317926817
"4" 0.0655396443911111 0.05985635792 0.0546744994933333 0.0499184612133333 0.0455275186266667 0.0414548705022222 0.0376601106888889 0.0341123200311111 0.0307837673111111 0.0276516568533333 0.0244993908168623 0.0214781524766258 0.0186920276588051 0.0161180675323909 0.0137327074423949 0.011517566853236 0.00945002188979123 0.00751506111527474 0.00569668919151397 0.00398039081695662 0.00276615738733435 0.00180527081824381 0.00106830539672117 0.000550773253515803 0.000233634034165285
"5" 0.0584308507022222 0.05338547072 0.0487852372266667 0.0445630287466667 0.0406649366933333 0.0370494129244445 0.0336805865777778 0.0305310089422222 0.0275760614222222 0.0247955069866667 0.0220502838609369 0.0193744650996821 0.0169006940292985 0.0146100896548964 0.0124830981255772 0.010504642209533 0.00865568671042056 0.0069238085497189 0.00529550684730656 0.00375840388047783 0.00262452640608252 0.00173117110863199 0.0010382957527888 0.00054472529026819 0.000236535750403753
"6" 0.0513220570133333 0.04691458352 0.04289597496 0.03920759628 0.03580235476 0.0326439553466667 0.0297010624666667 0.0269496978533334 0.0243683555333333 0.02193935712 0.0196011769050115 0.0172707777227383 0.0151093603997918 0.0131021117774018 0.0112334888087595 0.0094917175658301 0.00786135153104989 0.00633255598416305 0.00489432450309915 0.00353641694399903 0.00248289542483069 0.00165707139902016 0.00100828610885644 0.000538677327020577 0.000239437466642221
"7" 0.0442132633244444 0.04044369632 0.0370067126933333 0.0338521638133333 0.0309397728266667 0.0282384977688889 0.0257215383555556 0.0233683867644445 0.0211606496444444 0.0190832072533333 0.0171520699490862 0.0151670903457946 0.0133180267702852 0.0115941338999073 0.00998387949194179 0.00847879292212715 0.00706701635167922 0.00574130341860721 0.00449314215889173 0.00331443000752024 0.00234126444357886 0.00158297168940834 0.000978276464924069 0.000532629363772963 0.000242339182880689
"8" 0.042025623644 0.038467585116 0.035223467118 0.032245935099 0.029496972333 0.026947278769 0.024571558015 0.022350453041 0.020266602635 0.018305735496 0.0165402412765936 0.014670474078155 0.0129225864102708 0.0112878764942538 0.00975678373521958 0.00832252534181178 0.00697493545188553 0.00570806712521144 0.00451457791835019 0.00338732420998862 0.00239808074824311 0.00163828771179596 0.00102512052481502 0.000566690784227494 0.000262775798632061
"9" 0.044759137972 0.040986249908 0.037546238234 0.034388910137 0.031473953279 0.028770298347 0.026251121445 0.023895896683 0.021686214505 0.019606941848 0.017765690887534 0.0157809289198197 0.0139230393197484 0.0121833395604412 0.0105522015385929 0.00902291482488398 0.00758510883166881 0.00623284710397574 0.00495863178147452 0.00375509955140418 0.00265334433882346 0.00182301946618304 0.00114881828852927 0.000640861588384168 0.000300747313896338
"10" 0.0474926523 0.0435049147 0.03986900935 0.036531885175 0.033450934225 0.030593317925 0.027930684875 0.025441340325 0.023105826375 0.0209081482 0.0189911404984743 0.0168913837614843 0.014923492229226 0.0130788026266287 0.0113476193419661 0.00972330430795618 0.0081952822114521 0.00675762708274003 0.00540268564459885 0.00412287489281974 0.00290860792940381 0.00200775122057011 0.00127251605224353 0.000715032392540843 0.000338718829160614
"11" 0.050226166628 0.046023579492 0.042191780466 0.038674860213 0.035427915171 0.032416337503 0.029610248305 0.026986783967 0.024525438245 0.022209354552 0.0202165901094146 0.018001838603149 0.0159239451387037 0.0139742656928162 0.0121430371453394 0.0104236937910284 0.00880545559123538 0.00728240706150433 0.00584673950772318 0.00449065023423529 0.00316387151998415 0.00219248297495719 0.00139621381595779 0.000789203196697518 0.000376690344424891
"12" 0.052959680956 0.048542244284 0.044514551582 0.040817835251 0.037404896117 0.034239357081 0.031289811735 0.028532227609 0.025945050115 0.023510560904 0.0214420397203549 0.0191122934448136 0.0169243980481813 0.0148697287590036 0.0129384549487127 0.0111240832741006 0.00941562897101867 0.00780718704026863 0.0062907933708475 0.00485842557565085 0.0034191351105645 0.00237721472934427 0.00151991157967205 0.000863374000854192 0.000414661859689167
"13" 0.055952686552 0.051296429528 0.047050987244 0.043154414942 0.039556961714 0.036220283802 0.03311127687 0.030204609178 0.02747756083 0.024911455568 0.0227474975566257 0.0202934638164298 0.0179867317982719 0.0158186423691633 0.0137792451654424 0.0118620878279949 0.0100559372776826 0.00835488373109342 0.00675078907368521 0.00523539604890368 0.00368864953853389 0.00257265319292341 0.00165119951175896 0.000942495063031624 0.000455491138011806
"14" 0.059205183416 0.054286135224 0.049801087452 0.045684599286 0.041884111962 0.038359117666 0.03507464371 0.032003928674 0.02912297039 0.026412038544 0.024132963618227 0.0215453497179976 0.0191109463889755 0.016821006523295 0.0146654077955287 0.0126377074527112 0.0107263805112271 0.0089254971339787 0.0072267266162363 0.00562156165399379 0.00397241480389233 0.00277879836569463 0.00179007761221852 0.00102656638322981 0.000499178179392806
"15" 0.06245768028 0.05727584092 0.05255118766 0.04821478363 0.04421126221 0.04049795153 0.03703801055 0.03380324817 0.03076837995 0.02791262152 0.0255184296798283 0.0227972356195654 0.020235160979679 0.0178233706774268 0.0155515704256149 0.0134133270774276 0.0113968237447716 0.00949611053686398 0.00770266415878738 0.00600772725908389 0.00425618006925077 0.00298494353846585 0.00192895571267808 0.001110637703428 0.000542865220773807
"16" 0.065710177144 0.060265546616 0.055301287868 0.050744967974 0.046538412458 0.042636785394 0.03900137739 0.035602567666 0.03241378951 0.029413204496 0.0269038957414296 0.0240491215211332 0.0213593755703826 0.0188257348315586 0.0164377330557011 0.014188946702144 0.0120672669783162 0.0100667239397493 0.00817860170133846 0.006393892864174 0.00453994533460921 0.00319108871123708 0.00206783381313763 0.00119470902362619 0.000586552262154808
"17" 0.068962674008 0.063255252312 0.058051388076 0.053275152318 0.048865562706 0.044775619258 0.04096474423 0.037401887162 0.03405919907 0.030913787472 0.0282893618030308 0.025301007422701 0.0224835901610861 0.0198280989856904 0.0173238956857873 0.0149645663268604 0.0127377102118607 0.0106373373426345 0.00865453924388955 0.0067800584692641 0.00482371059996765 0.0033972338840083 0.00220671191359719 0.00127878034382437 0.000630239303535809
"18" 0.071853710576 0.065907764464 0.060486420472 0.055510576396 0.050916701332 0.046655831076 0.04268569206 0.038973936164 0.03549155054 0.032214685984 0.0294755881740292 0.0263703362507951 0.0234411313133875 0.0206788591026383 0.0180727089447181 0.0156162591917629 0.0132968428430082 0.0111084492396009 0.00904200425559831 0.00708803983089497 0.00506188196795416 0.00357003607079646 0.00232298569586026 0.00134909478843796 0.000666754725035695
"19" 0.074383286848 0.068223083072 0.062606385056 0.057451240208 0.052691828336 0.048277420848 0.04416422088 0.040318714672 0.03671084392 0.033315900032 0.0304625748544247 0.0272571080054153 0.0242319990272867 0.0213780151824025 0.0186841728324935 0.0161440252968516 0.0137446648717586 0.0114800596306482 0.00934099673646475 0.00731783694906659 0.00525445943856874 0.00370949527160156 0.00241665515992683 0.00140565235746694 0.000696098526654467
"20" 0.07691286312 0.07053840168 0.06472634964 0.05939190402 0.05446695534 0.04989901062 0.0456427497 0.04166349318 0.0379301373 0.03441711408 0.0314495615348201 0.0281438797600355 0.0250228667411858 0.0220771712621667 0.0192956367202689 0.0166717914019402 0.0141924869005089 0.0118516700216956 0.00963998921733118 0.00754763406723821 0.00544703690918332 0.00384895447240667 0.0025103246239934 0.00146220992649591 0.000725442328273239
"21" 0.079442439392 0.072853720288 0.066846314224 0.061332567832 0.056242082344 0.051520600392 0.04712127852 0.043008271688 0.03914943068 0.035518328128 0.0324365482152156 0.0290306515146558 0.025813734455085 0.0227763273419309 0.0199071006080443 0.0171995575070289 0.0146403089292593 0.012223280412743 0.00993898169819762 0.00777743118540983 0.0056396143797979 0.00398841367321177 0.00260399408805998 0.00151876749552489 0.000754786129892011
"22" 0.081972015664 0.075169038896 0.068966278808 0.063273231644 0.058017209348 0.053142190164 0.04859980734 0.044353050196 0.04036872406 0.036619542176 0.033423534895611 0.029917423269276 0.0266046021689842 0.0234754834216951 0.0205185644958196 0.0177273236121176 0.0150881309580097 0.0125948908037903 0.0102379741790641 0.00800722830358145 0.00583219185041248 0.00412787287401688 0.00269766355212655 0.00157532506455387 0.000784129931510783
"23" 0.084097866072 0.077121470808 0.070760592684 0.064922420862 0.059532414354 0.054533123322 0.04987494807 0.045519934458 0.04143404163 0.037589287248 0.0342909232407948 0.0307136558679252 0.0273302371968449 0.0241313710443123 0.0211058062075823 0.0182473833790383 0.0155426493775231 0.0129858382393105 0.0105675220781763 0.00827767843390457 0.00606951143841573 0.00430918173438826 0.00282712333203122 0.00165925371438851 0.000831479338576195
"24" 0.085819990616 0.078711016024 0.072229255852 0.066280135486 0.060787697362 0.055693399866 0.05094670071 0.046508924474 0.04234538339 0.038427563344 0.0350387132507667 0.0314193493106033 0.0279906395386671 0.0247439902097824 0.0216688257433324 0.018759736807791 0.0160038641877996 0.0133961227193035 0.0109276253955344 0.00858878157637918 0.00635157314380764 0.00453234025432592 0.00299237342777399 0.00177055344502883 0.000896834351088247
"25" 0.08754211516 0.08030056124 0.07369791902 0.06763785011 0.06204298037 0.05685367641 0.05201845335 0.04749791449 0.04325672515 0.03926583944 0.0357865032607387 0.0321250427532814 0.0286510418804893 0.0253566093752526 0.0222318452790824 0.0192720902365438 0.0164650789980761 0.0138064071992965 0.0112877287128925 0.0088998847188538 0.00663363484919956 0.00475549877426358 0.00315762352351676 0.00188185317566914 0.0009621893636003
"26" 0.089264239704 0.081890106456 0.075166582188 0.068995564734 0.063298263378 0.058013952954 0.05309020599 0.048486904506 0.04416806691 0.040104115536 0.0365342932707106 0.0328307361959594 0.0293114442223115 0.0259692285407227 0.0227948648148324 0.0197844436652965 0.0169262938083526 0.0142166916792896 0.0116478320302506 0.00921098786132842 0.00691569655459147 0.00497865729420124 0.00332287361925953 0.00199315290630945 0.00102754437611235
"27" 0.090986364248 0.083479651672 0.076635245356 0.070353279358 0.064553546386 0.059174229498 0.05416195863 0.049475894522 0.04507940867 0.040942391632 0.0372820832806825 0.0335364296386375 0.0299718465641337 0.0265818477061928 0.0233578843505824 0.0202967970940493 0.0173875086186291 0.0146269761592826 0.0120079353476087 0.00952209100380303 0.00719775825998338 0.0052018158141389 0.0034881237150023 0.00210445263694976 0.0010928993886244
"28" 0.092608501972 0.084988445908 0.078040696234 0.071663879137 0.065776576279 0.060316037347 0.055228086445 0.050471267683 0.046008399505 0.041808917848 0.0380749741344798 0.0343008453398481 0.0307024068383518 0.0272740672898679 0.0240081687528087 0.0209025186013739 0.0179468754205347 0.0151391047594191 0.012472710687304 0.00994004054931095 0.007579007861244 0.00551274697364463 0.00372659963404639 0.00227197042017394 0.00119653164130237
"29" 0.094130652876 0.086416489164 0.079382934822 0.072927364071 0.066967353057 0.061439376501 0.056288589435 0.051473023989 0.046955039415 0.042703694184 0.0389129658321024 0.0351239832995911 0.0315031250449658 0.028045887291748 0.0247457180215111 0.0216016081872705 0.0186043942140695 0.015753077479699 0.0130421580493366 0.0104648364978522 0.00805944535837333 0.00591145077271845 0.0040383013763918 0.00249570625598199 0.00133844113414625
"30" 0.09565280378 0.08784453242 0.08072517341 0.074190849005 0.068158129835 0.062562715655 0.057349092425 0.052474780295 0.047901679325 0.04359847052 0.039750957529725 0.0359471212593342 0.0323038432515798 0.0288177072936281 0.0254832672902136 0.0223006977731671 0.0192619130076043 0.0163670501999789 0.0136116054113691 0.0109896324463934 0.00853988285550265 0.00631015457179226 0.0043500031187372 0.00271944209179005 0.00148035062699013
"31" 0.097174954684 0.089272575676 0.082067411998 0.075454333939 0.069348906613 0.063686054809 0.058409595415 0.053476536601 0.048848319235 0.044493246856 0.0405889492273476 0.0367702592190772 0.0331045614581938 0.0295895272955081 0.026220816558916 0.0229997873590638 0.0199194318011391 0.0169810229202588 0.0141810527734017 0.0115144283949346 0.00902032035263198 0.00670885837086607 0.00466170486108261 0.0029431779275981 0.00162226011983401
"32" 0.098697105588 0.090700618932 0.083409650586 0.076717818873 0.070539683391 0.064809393963 0.059470098405 0.054478292907 0.049794959145 0.045388023192 0.0414269409249702 0.0375933971788202 0.0339052796648078 0.0303613472973882 0.0269583658276184 0.0236988769449604 0.0205769505946739 0.0175949956405387 0.0147505001354342 0.0120392243434758 0.0095007578497613 0.00710756216993988 0.00497340660342801 0.00316691376340615 0.0017641696126779
"33" 0.09982918104 0.09178564056 0.08445176988 0.07772056134 0.07150607178 0.06574206354 0.0603713499 0.05535017106 0.0506392791 0.04620641136 0.0422162355786806 0.0383931159138824 0.03470610736885 0.0311550347787359 0.027737789044067 0.0244581121875114 0.0213112480329002 0.0183008196583659 0.0154254395596933 0.0126818717915428 0.0101012081827992 0.00762370980581524 0.00539397657337603 0.00348446466633829 0.00197896093776862
"34" 0.10057118104 0.09252764056 0.08519376988 0.07846256134 0.07224807178 0.06648406354 0.0611133499 0.05609217106 0.0513812791 0.04694841136 0.0429568331884787 0.0391694154242636 0.0355070445703205 0.0319705897395512 0.0285590862082616 0.0252774930867168 0.0221223241158178 0.0190984949737403 0.0162058710461787 0.0134423707391354 0.0108216713517456 0.00825730127849215 0.00592341477092665 0.00389583063639453 0.0022666340951062
"35" 0.10131318104 0.09326964056 0.08593576988 0.07920456134 0.07299007178 0.06722606354 0.0618553499 0.05683417106 0.0521232791 0.04769041136 0.0436974307982769 0.0399457149346448 0.036307981771791 0.0327861447003665 0.0293803833724562 0.0260968739859223 0.0229334001987355 0.0198961702891148 0.0169863025326642 0.0142028696867281 0.011542134520692 0.00889089275116906 0.00645285296847727 0.00430719660645077 0.00255430725244377
"36" 0.10205518104 0.09401164056 0.08667776988 0.07994656134 0.07373207178 0.06796806354 0.0625973499 0.05757617106 0.0528652791 0.04843241136 0.0444380284080751 0.040722014445026 0.0371089189732615 0.0336016996611818 0.0302016805366508 0.0269162548851277 0.0237444762816531 0.0206938456044892 0.0177667340191496 0.0149633686343208 0.0122625976896385 0.00952448422384597 0.0069822911660279 0.004718562576507 0.00284198040978134
"37" 0.10279718104 0.09475364056 0.08741976988 0.08068856134 0.07447407178 0.06871006354 0.0633393499 0.05831817106 0.0536072791 0.04917441136 0.0451786260178732 0.0414983139554072 0.037909856174732 0.0344172546219971 0.0310229777008455 0.0277356357843332 0.0245555523645708 0.0214915209198636 0.0185471655056351 0.0157238675819134 0.0129830608585849 0.0101580756965229 0.00751172936357852 0.00512992854656324 0.00312965356711892
"38" 0.103935313824 0.095883487136 0.088542061328 0.081803918504 0.075583026968 0.069813080824 0.06443683444 0.059410482936 0.05469473796 0.050257303616 0.0462651955809309 0.0426150281278276 0.0390461093724983 0.0355632955049643 0.0321700251168005 0.0288759852056808 0.025682648401273 0.0226000292957464 0.0196329647476921 0.0167839835218321 0.0139846517536423 0.0110552068470411 0.0082813956883716 0.00575086152912537 0.00358794291645262
"39" 0.105469579392 0.097401180288 0.090044644224 0.083292632832 0.077058937344 0.071277115392 0.06588980352 0.060853106688 0.05612765568 0.051681088128 0.047697737097248 0.0440721569622872 0.0405176785665604 0.0370398223100835 0.033642822784516 0.0303373031491707 0.0271257643917598 0.0240193707321375 0.0210241317453206 0.0181437164540769 0.0152673703748105 0.0122158776754007 0.00929129014040712 0.00658136152419339 0.00421684845778244
"40" 0.10700384496 0.09891887344 0.09154722712 0.08478134716 0.07853484772 0.07274114996 0.0673427726 0.06229573044 0.0575605734 0.05310487264 0.0491302786135651 0.0455292857967468 0.0419892477606225 0.0385163491152027 0.0351156204522315 0.0317986210926606 0.0285688803822466 0.0254387121685287 0.0224152987429492 0.0195034493863217 0.0165500889959787 0.0133765485037603 0.0103011845924426 0.00741186151926141 0.00484575399911227
"41" 0.108538110528 0.100436566592 0.093049810016 0.086270061488 0.080010758096 0.074205184528 0.06879574168 0.063738354192 0.05899349112 0.054528657152 0.0505628201298822 0.0469864146312064 0.0434608169546846 0.0399928759203219 0.036588418119947 0.0332599390361505 0.0300119963727333 0.0268580536049198 0.0238064657405777 0.0208631823185664 0.017832807617147 0.0145372193321199 0.0113110790444782 0.00824236151432942 0.00547465954044209
"42" 0.110072376096 0.101954259744 0.094552392912 0.087758775816 0.081486668472 0.075669219096 0.07024871076 0.065180977944 0.06042640884 0.055952441664 0.0519953616461993 0.0484435434656661 0.0449323861487467 0.0414694027254411 0.0380612157876625 0.0347212569796404 0.0314551123632201 0.0282773950413109 0.0251976327382062 0.0222229152508112 0.0191155262383152 0.0156978901604794 0.0123209734965137 0.00907286150939744 0.00610356508177192
"43" 0.11393799652 0.10562515428 0.09804574194 0.09108916917 0.08466661539 0.07870962527 0.07315909745 0.06796980703 0.06310119205 0.05851990968 0.0544791471068517 0.0508681650478353 0.0472907826354482 0.0437551224172319 0.0402685056286014 0.0368453325013884 0.0334920684778873 0.0302245178052124 0.0270533222873659 0.0239866233641907 0.0207477907821168 0.0171518199696783 0.0135711206691739 0.010094333804515 0.00687832736553005
"44" 0.1201349718 0.1114492502 0.1035298571 0.09626124155 0.08955059885 0.08332640305 0.07752690175 0.07210484145 0.06701784075 0.0622310612 0.0580141765118394 0.0542602793777142 0.0505360064147892 0.0468500349956945 0.0432102876427638 0.0396321656013946 0.0361228647167348 0.0326994218966243 0.0293735343880566 0.026154306658705 0.0227296012485517 0.0188990087597165 0.0150615205624589 0.011306778399682 0.00779894639171649
"45" 0.12633194708 0.11727334612 0.10901397226 0.10143331393 0.09443458231 0.08794318083 0.08189470605 0.07623987587 0.07093448945 0.06594221272 0.0615492059168271 0.057652393707593 0.0537812301941301 0.0499449475741571 0.0461520696569261 0.0424189987014008 0.0387536609555824 0.0351743259880362 0.0316937464887473 0.0283219899532192 0.0247114117149866 0.0206461975497547 0.0165519204557439 0.0125192229948491 0.00871956541790292
"46" 0.13252892236 0.12309744204 0.11449808742 0.10660538631 0.09931856577 0.09255995861 0.08626251035 0.08037491029 0.07485113815 0.06965336424 0.0650842353218148 0.0610445080374719 0.0570264539734711 0.0530398601526196 0.0490938516710885 0.045205831801407 0.0413844571944299 0.0376492300794481 0.034013958589438 0.0304896732477335 0.0266932221814216 0.0223933863397929 0.0180423203490289 0.0137316675900161 0.00964018444408936
"47" 0.13872589764 0.12892153796 0.11998220258 0.11177745869 0.10420254923 0.09717673639 0.09063031465 0.08450994471 0.07876778685 0.07336451576 0.0686192647268025 0.0644366223673507 0.0602716777528121 0.0561347727310822 0.0520356336852509 0.0479926649014132 0.0440152534332775 0.04012413417086 0.0363341706901288 0.0326573565422477 0.0286750326478565 0.0241405751298312 0.0195327202423139 0.0149441121851832 0.0105608034702758
"48" 0.147816665996 0.137427240844 0.127954459462 0.119260105591 0.111233170897 0.103788099621 0.096851026635 0.090365429669 0.084280614215 0.078554908264 0.0735191566792157 0.0691026784121371 0.0647009875108157 0.0603251516919476 0.055985646728671 0.051702201110428 0.0474850564784479 0.0433565388163789 0.0393327994008648 0.0354269691077865 0.0311847536441481 0.0263295659665049 0.0213792700582908 0.0164293071075587 0.0116762068523444
"49" 0.159801227428 0.148614550692 0.138414858066 0.129053327013 0.120410430771 0.112394048303 0.104924646305 0.097941365167 0.091389620245 0.085224541752 0.0797839111790544 0.075042676171831 0.0703143832474818 0.0656109970352159 0.0609438908013489 0.0563344404284515 0.0517938663299413 0.0473464440160048 0.0430098447216461 0.0387985109443499 0.0342223851702963 0.0289603588498141 0.0235819697969597 0.0181872523571425 0.0129863945902952
"50" 0.17178578886 0.15980186054 0.14887525667 0.138846548435 0.129587690645 0.120999996985 0.112998265975 0.105517300665 0.098498626275 0.09189417524 0.0860486656788931 0.0809826739315248 0.075927778984148 0.0708968423784841 0.0659021348740269 0.0609666797464749 0.0561026761814347 0.0513363492156307 0.0466868900424275 0.0421700527809132 0.0372600166964445 0.0315911517331233 0.0257846695356285 0.0199451976067264 0.0142965823282461
"51" 0.183770350292 0.170989170388 0.159335655274 0.148639769857 0.138764950519 0.129605945667 0.121071885645 0.113093236163 0.105607632305 0.098563808728 0.0923134201787318 0.0869226716912187 0.0815411747208141 0.0761826877217524 0.0708603789467048 0.0655989190644983 0.0604114860329281 0.0553262544152566 0.0503639353632088 0.0455415946174766 0.0402976482225928 0.0342219446164325 0.0279873692742974 0.0217031428563102 0.0156067700661969
"52" 0.195754911724 0.182176480236 0.169796053878 0.158432991279 0.147942210393 0.138211894349 0.129145505315 0.120669171661 0.112716638335 0.105233442216 0.0985781746785705 0.0928626694509126 0.0871545704574803 0.0814685330650207 0.0758186230193827 0.0702311583825217 0.0647202958844215 0.0593161596148825 0.0540409806839902 0.0489131364540399 0.043335279748741 0.0368527374997417 0.0301900690129662 0.0234610881058941 0.0169169578041477
"53" 0.210998478424 0.196450856536 0.183186750028 0.171012623854 0.159773040418 0.149348201674 0.13963467919 0.130553328586 0.12203316571 0.114015840016 0.10688365639304 0.100777835781302 0.0946754406778277 0.0885922315524451 0.0825434074519238 0.0765573651419294 0.0706495570125124 0.0648526239224686 0.0591908173951149 0.0536842984421362 0.0476766377223234 0.0406647099827422 0.0334354309299104 0.026105473958931 0.0189405496268733
"54" 0.229501050392 0.213812299288 0.199507743724 0.186378667582 0.174257440594 0.163014867642 0.15253940727 0.142745706938 0.13355721443 0.124911002128 0.117229865322141 0.110668170682386 0.104103785381856 0.0975537831840256 0.0910347322443279 0.0845775393427212 0.078199269417201 0.0719356473380148 0.065813445496583 0.0598550805817656 0.0533217221433398 0.045657862065434 0.0377234550251299 0.0296363004154208 0.0216775455343736
"55" 0.24800362236 0.23117374204 0.21582873742 0.20174471131 0.18874184077 0.17668153361 0.16544413535 0.15493808529 0.14508126315 0.13580616424 0.127576074251242 0.12055850558347 0.113532130085885 0.106515334815606 0.0995260570367321 0.092597713543513 0.0857489818218895 0.079018670753561 0.0724360735980511 0.066025862721395 0.0589668065643563 0.0506510141481258 0.0420114791203494 0.0331671268719106 0.0244145414418739
"56" 0.266506194328 0.248535184792 0.232149731116 0.217110755038 0.203226240946 0.190348199578 0.17834886343 0.167130463642 0.15660531187 0.146701326352 0.137922283180342 0.130448840484555 0.122960474789914 0.115476886447187 0.108017381829136 0.100617887744305 0.093298694226578 0.0861016941691072 0.0790587016995192 0.0721966448610243 0.0646118909853728 0.0556441662308176 0.0462995032155689 0.0366979533284004 0.0271515373493742
"57" 0.285008766296 0.265896627544 0.248470724812 0.232476798766 0.217710641122 0.204014865546 0.19125359151 0.179322841994 0.16812936059 0.157596488464 0.148268492109443 0.140339175385639 0.132388819493943 0.124438438078767 0.11650870662154 0.108638061945097 0.100848406631267 0.0931847175846534 0.0856813298009874 0.0783674270006537 0.0702569754063893 0.0606373183135094 0.0505875273107885 0.0402287797848903 0.0298885332568745
"58" 0.306804201524 0.286463632436 0.267917681978 0.250895748329 0.235180497743 0.220604427899 0.207022924565 0.194325327611 0.182412386585 0.171202515416 0.161294063817199 0.152886291711148 0.144447368757488 0.135999671170741 0.127565351678017 0.119185616702798 0.110884244779329 0.102709759114979 0.0946995057676558 0.0868854458855174 0.0781634195141613 0.0677699692612434 0.056861012611125 0.045550177599056 0.0341725305583355
"59" 0.331892500012 0.310236199468 0.290490602614 0.272367603727 0.255635810809 0.240116886637 0.225656862595 0.212137920493 0.199454389855 0.187519407208 0.17699899830361 0.168090189461081 0.15913612258055 0.150160585723108 0.141187316998566 0.132260552017409 0.123406208670764 0.114676818760083 0.106113229599525 0.0977507015156154 0.0883312233086888 0.0770421190740196 0.0651199591165787 0.0526621467708975 0.0400035292537572
"60" 0.3569807985 0.3340087665 0.31306352325 0.293839459125 0.276091123875 0.259629345375 0.244290800625 0.229950513375 0.216496393125 0.203836299 0.192703932790021 0.183294087211014 0.173824876403612 0.164321500275474 0.154809282319115 0.14533548733202 0.1359281725622 0.126643878405187 0.117526953431393 0.108615957145713 0.0984990271032163 0.0863142688867958 0.0733789056220324 0.059774115942739 0.0458345279491788
"61" 0.382069096988 0.357781333532 0.335636443886 0.315311314523 0.296546436941 0.279141804113 0.262924738655 0.247763106257 0.233538396395 0.220153190792 0.208408867276432 0.198497984960948 0.188513630226674 0.178482414827841 0.168431247639664 0.15841042264663 0.148450136453636 0.138610938050292 0.128940677263262 0.119481212775811 0.108666830897744 0.095586418699572 0.081637852127486 0.0668860851145806 0.0516655266446005
"62" 0.407157395476 0.381553900564 0.358209364522 0.336783169921 0.317001750007 0.298654262851 0.281558676685 0.265575699139 0.250580399665 0.236470082584 0.224113801762842 0.213701882710881 0.203202384049736 0.192643329380208 0.182053212960214 0.171485357961241 0.160972100345071 0.150577997695396 0.140354401095131 0.130346468405909 0.118834634692271 0.104858568512348 0.0898967986329397 0.0739980542864221 0.0574965253400221
"63" 0.434203604676 0.407445959364 0.383049101922 0.360657060621 0.339983936907 0.320809384551 0.302943166185 0.286239710439 0.270568455165 0.255822075384 0.242945004694618 0.232115398755189 0.221180332162614 0.210168841326008 0.199110663461075 0.188061725543185 0.177056310664554 0.16616270970798 0.155435700691108 0.144923803760769 0.13273297897709 0.117842985781388 0.101806727226799 0.0846360040681909 0.066636328635405
"64" 0.463207724588 0.435457509932 0.410155656086 0.386932986623 0.365492997641 0.345607169213 0.327078207155 0.309755140157 0.293502562895 0.278209169192 0.264902476071759 0.253738533093871 0.242447474565308 0.231058950665241 0.219603599142248 0.208139525392461 0.196702767412083 0.185365074088044 0.174184576051192 0.16321321884039 0.150361863752201 0.134539670506692 0.117367637909063 0.0987999344598869 0.0790849365307491
"65" 0.4922118445 0.4634690605 0.43726221025 0.413208912625 0.391002058375 0.370404953875 0.351213248125 0.333270569875 0.316436670625 0.300596263 0.2868599474489 0.275361667432553 0.263714616968003 0.251949060004475 0.24009653482342 0.228217325241737 0.216349224159612 0.204567438468108 0.192933451411276 0.181502633920011 0.167990748527311 0.151236355231996 0.132928548591327 0.112963864851583 0.0915335444260933
"66" 0.521215964412 0.491480611068 0.464368764414 0.439484838627 0.416511119109 0.395202738537 0.375348289095 0.356785999593 0.339370778355 0.322983356808 0.308817418826041 0.296984801771235 0.284981759370697 0.272839169343709 0.260589470504593 0.248295125091014 0.23599568090714 0.223769802848171 0.21168232677136 0.199792048999633 0.185619633302421 0.167933039957299 0.148489459273591 0.127127795243279 0.103982152321437
"67" 0.550220084324 0.519492161636 0.491475318578 0.465760764629 0.442020179843 0.420000523199 0.399483330065 0.380301429311 0.362304886085 0.345370450616 0.330774890203181 0.318607936109917 0.306248901773391 0.293729278682942 0.281082406185766 0.26837292494029 0.255642137654669 0.242972167228235 0.230431202131445 0.218081464079254 0.203248518077532 0.184629724682603 0.164050369955855 0.141291725634975 0.116430760216782
"68" 0.581081349216 0.549572451424 0.520843537552 0.494475427336 0.470131456312 0.447552152216 0.42651349796 0.406844073624 0.38839013364 0.371025295744 0.356072036560769 0.34366231442362 0.331039906752459 0.318236471378769 0.305285777016922 0.292253940868151 0.279183501840395 0.266159252360558 0.253252088464137 0.240527104541442 0.225139733633624 0.205693971246375 0.184073629700892 0.159987029523183 0.13342516694813
"69" 0.613799759088 0.581721480432 0.552473421336 0.525628826748 0.500844948516 0.477857625588 0.45643879278 0.436413932532 0.41762652102 0.399947892192 0.384708857898802 0.372147936712345 0.359354774307899 0.346360747431189 0.333199582998059 0.319938172874598 0.306619773464316 0.293331058245142 0.280144985769438 0.267128970386196 0.251293279970699 0.231125779648615 0.208559238508701 0.183213706907904 0.154965372515483
"70" 0.64651816896 0.61387050944 0.58410330512 0.55678222616 0.53155844072 0.50816309896 0.4863640876 0.46598379144 0.4468629084 0.42887048864 0.413345679236836 0.400633559001069 0.387669641863339 0.374485023483609 0.361113388979197 0.347622404881046 0.334056045088238 0.320502864129725 0.307037883074739 0.293730836230951 0.277446826307774 0.256557588050854 0.233044847316511 0.206440384292625 0.176505578082836
"71" 0.679236578832 0.646019538448 0.615733188904 0.587935625572 0.562271932924 0.538468572332 0.51628938242 0.495553650348 0.47609929578 0.457793085088 0.44198250057487 0.429119181289793 0.41598450941878 0.402609299536029 0.389027194960335 0.375306636887493 0.36149231671216 0.347674670014308 0.33393078038004 0.320332702075706 0.303600372644849 0.281989396453094 0.257530456124321 0.229667061677346 0.198045783650189
"72" 0.711954988704 0.678168567456 0.647363072688 0.619089024984 0.592985425128 0.568774045704 0.54621467724 0.525123509256 0.50533568316 0.486715681536 0.470619321912903 0.457604803578517 0.44429937697422 0.430733575588449 0.416941000941473 0.40299086889394 0.388928588336081 0.374846475898891 0.360823677685341 0.34693456792046 0.329753918981924 0.307421204855334 0.282016064932131 0.252893739062067 0.219585989217542
"73" 0.737049970493787 0.704269977705922 0.674262388010341 0.646619246470431 0.621011280221195 0.597184599737695 0.574918347661675 0.554043918729703 0.53440884685052 0.515887645768859 0.499834241033341 0.48686999439667 0.473585758952287 0.460010156262862 0.446175142610102 0.432148819935963 0.417975915048956 0.40374902924452 0.389548293058743 0.375449735576985 0.357929628429223 0.335025016799099 0.308820646787298 0.27857803508927 0.24370405731385
"74" 0.754521524201361 0.724323769197766 0.696431134871022 0.670526290031292 0.646349498203586 0.623700234433085 0.602400393685026 0.582314878769109 0.563318786851559 0.545308977786576 0.529627257936183 0.516914753744252 0.50384365535298 0.490439041559268 0.476729619966223 0.462780490013562 0.448634296850785 0.434382330051194 0.420104626500248 0.405878205045281 0.388127500986745 0.364800832284389 0.337944201689823 0.306719949758956 0.270399987939111
"75" 0.771993077908935 0.744377560689611 0.718599881731704 0.694433333592154 0.671687716185977 0.650215869128476 0.629882439708376 0.610585838808514 0.592228726852599 0.574730309804293 0.559420274839025 0.546959513091834 0.534101551753673 0.520867926855675 0.507284097322344 0.49341216009116 0.479292678652614 0.465015630857869 0.450660959941752 0.436306674513577 0.418325373544267 0.39457664776968 0.367067756592348 0.334861864428642 0.297095918564372
"76" 0.789464631616509 0.764431352181455 0.740768628592385 0.718340377153015 0.697025934168368 0.676731503823866 0.657364485731727 0.63885679884792 0.621138666853639 0.604151641822011 0.589213291741866 0.577004272439416 0.564359448154366 0.55129681215208 0.537838574678465 0.524043830168759 0.509951060454442 0.495648931664543 0.481217293383256 0.466735143981873 0.448523246101789 0.42435246325497 0.396191311494873 0.363003779098328 0.323791849189633
"77" 0.806936185324083 0.784485143673299 0.762937375453067 0.742247420713877 0.722364152150759 0.703247138519256 0.684846531755078 0.667127758887326 0.650048606854678 0.633572973839728 0.619006308644708 0.607049031786999 0.59461734455506 0.581725697448487 0.568393052034586 0.554675500246358 0.540609442256271 0.526282232471218 0.511773626824761 0.497163613450169 0.478721118659311 0.45412827874026 0.425314866397397 0.391145693768014 0.350487779814895
"78" 0.825741387281076 0.80542574049196 0.785703138639099 0.766579390468713 0.748044055506006 0.730088642346821 0.712689875523899 0.695834338135315 0.679497881255771 0.663659371712858 0.649593712251148 0.638005451791935 0.625918175558767 0.613342491028416 0.600293581074471 0.586823360286966 0.572965004508959 0.558802575457666 0.544413678132943 0.529877123611982 0.511461075819166 0.486790510429664 0.457724680201229 0.423033760833517 0.381442363739117
"79" 0.845880237487487 0.827253142637435 0.809065918150483 0.791336286417525 0.77406564423411 0.757256015306561 0.740894517038191 0.724976536591886 0.709486490056916 0.694410835441401 0.680975502561187 0.669873532454226 0.658261941165489 0.646147192891869 0.633540161798121 0.620487410290584 0.607017747212506 0.593209960623889 0.579137447307802 0.564875674467313 0.546743117581353 0.522339158323182 0.493420752906368 0.458667980294837 0.4166556009623
"80" 0.866019087693899 0.849080544782912 0.832428697661867 0.816093182366337 0.800087232962213 0.7844233882663 0.769099158552483 0.754118735048458 0.739475098858061 0.725162299169943 0.712357292871226 0.701741613116516 0.69060570677221 0.678951894755321 0.66678674252177 0.654151460294201 0.641070489916053 0.627617345790112 0.613861216482661 0.599874225322643 0.58202515934354 0.557887806216701 0.529116825611507 0.494302199756158 0.451868838185483
"81" 0.886157937900311 0.870907946928387 0.85579147717325 0.840850078315148 0.826108821690317 0.81159076122604 0.797303800066775 0.783260933505029 0.769463707659205 0.755913762898486 0.743739083181265 0.733609693778807 0.722949472378931 0.711756596618774 0.700033323245419 0.687815510297818 0.6751232326196 0.662024730956335 0.64858498565752 0.634872776177974 0.617307201105727 0.593436454110219 0.564812898316646 0.529936419217478 0.487082075408666
"82" 0.906296788106723 0.892735349073863 0.879154256684634 0.86560697426396 0.85213041041842 0.838758134185779 0.825508441581068 0.812403131961601 0.79945231646035 0.786665226627029 0.775120873491304 0.765477774441097 0.755293237985653 0.744561298482226 0.733279903969069 0.721479560301436 0.709175975323147 0.696432116122557 0.683308754832379 0.669871327033305 0.652589242867914 0.628985102003737 0.600508971021785 0.565570638678798 0.522295312631849
"83" 0.922106698259828 0.910140125813615 0.898057909481025 0.885916866955921 0.873758356360286 0.861620091636876 0.849525341220858 0.837499995847049 0.825558750092555 0.813714994948514 0.802978658220938 0.793979945553139 0.784446752866926 0.77436964622993 0.7637427700717 0.752591021553676 0.740925586763159 0.728802849337283 0.716277862753861 0.703410898163078 0.686801366428802 0.664008047275998 0.636350153403043 0.602185454327463 0.559528777569012
"84" 0.933587668359626 0.923122277147642 0.912502435562424 0.90177975639103 0.890992659515913 0.880176633579329 0.869354498986148 0.858551525161374 0.847783008555821 0.837063067862941 0.827312437370167 0.819116207114933 0.810410017022749 0.801181639861883 0.791421921553311 0.781149894054539 0.770372066939636 0.759136930600512 0.747492309421968 0.735491489567295 0.719943571788391 0.698505289927004 0.67233644546042 0.639780866163474 0.598782470220153
"85" 0.945068638459424 0.936104428481669 0.926946961643823 0.91764264582614 0.90822696267154 0.898733175521782 0.889183656751438 0.879603054475699 0.870007267019086 0.860411140777368 0.851646216519396 0.844252468676726 0.836373281178573 0.827993633493837 0.819101073034923 0.809708766555403 0.799818547116114 0.789471011863741 0.778706756090074 0.767572080971511 0.75308577714798 0.733002532578009 0.708322737517797 0.677376277999485 0.638036162871295
"86" 0.956549608559223 0.949086579815696 0.941391487725222 0.933505535261249 0.925461265827167 0.917289717464235 0.909012814516728 0.900654583790024 0.892231525482351 0.883759213691795 0.875979995668625 0.869388730238519 0.862336545334397 0.854805627125791 0.846780224516535 0.838267639056266 0.829265027292591 0.81980509312697 0.809921202758181 0.799652672375728 0.786227982507569 0.767499775229015 0.744309029575174 0.714971689835496 0.677289855522437
"87" 0.968030578659021 0.962068731149723 0.955836013806621 0.949368424696359 0.942695568982794 0.935846259406689 0.928841972282017 0.921706113104348 0.914455783945616 0.907107286606222 0.900313774817854 0.894524991800312 0.888299809490221 0.881617620757745 0.874459375998147 0.866826511557129 0.858711507469069 0.850139174390198 0.841135649426287 0.831733263779945 0.819370187867158 0.80199701788002 0.78029532163255 0.752567101671506 0.716543548173578
"88" 0.976393957338028 0.971703826135063 0.966752449162588 0.961569882472522 0.956181448504547 0.950612077340124 0.944880896048196 0.93900868998536 0.933011121859524 0.926903190757092 0.921232597953222 0.916383810323088 0.911153297411319 0.90552125581635 0.899469056565058 0.892995353026805 0.886091272801577 0.878775593519632 0.871068585484306 0.862996203533848 0.852347161492257 0.837321075284971 0.818459620895115 0.794228326830561 0.762553355049234
"89" 0.981639744596244 0.977991864771715 0.974140793793124 0.970109908589739 0.965918904392425 0.961587171264541 0.957129585815264 0.952562314433058 0.947897539224074 0.943146926144405 0.938736465074728 0.934965185806846 0.930897009097693 0.926516532301605 0.921809266217267 0.916774163465292 0.911404323290115 0.905714350515269 0.899720010932238 0.893441491637437 0.885158903382867 0.873471947443866 0.858801927362867 0.839955365312658 0.815319276149404
"90" 0.98688553185446 0.984279903408368 0.98152913842366 0.978649934706957 0.975656360280304 0.972562265188958 0.969378275582331 0.966115938880755 0.962783956588624 0.959390661531718 0.956240332196234 0.953546561290604 0.950640720784066 0.947511808786861 0.944149475869477 0.94055297390378 0.936717373778654 0.932653107510906 0.92837143638017 0.923886779741026 0.917970645273476 0.909622819602761 0.899144233830619 0.885682403794756 0.868085197249575
"91" 0.992131319112676 0.990567942045021 0.988917483054196 0.987189960824174 0.985393816168182 0.983537359113375 0.981626965349399 0.979669563328453 0.977670373953174 0.975634396919031 0.973744199317741 0.972127936774363 0.97038443247044 0.968507085272116 0.966489685521686 0.964331784342268 0.962030424267192 0.959591864506544 0.957022861828102 0.954332067844616 0.950782387164086 0.945773691761657 0.939486540298372 0.931409442276854 0.920851118349745
"92" 0.997377106370892 0.996855980681674 0.996305827684732 0.995729986941391 0.995131272056061 0.994512453037792 0.993875655116466 0.993223187776151 0.992556791317725 0.991878132306344 0.991248066439247 0.990709312258121 0.990128144156813 0.989502361757372 0.988829895173895 0.988110594780756 0.987343474755731 0.986530621502181 0.985674287276034 0.984777355948205 0.983594129054695 0.981924563920552 0.979828846766124 0.977136480758951 0.973617039449915
"93" 1 1 1 1 1 1 1 1 1 1 1 1 1 1 1 1 1 1 1 1 1 1 1 1 1
"94" 1 1 1 1 1 1 1 1 1 1 1 1 1 1 1 1 1 1 1 1 1 1 1 1 1
"95" 1 1 1 1 1 1 1 1 1 1 1 1 1 1 1 1 1 1 1 1 1 1 1 1 1
"96" 1 1 1 1 1 1 1 1 1 1 1 1 1 1 1 1 1 1 1 1 1 1 1 1 1
"97" 1 1 1 1 1 1 1 1 1 1 1 1 1 1 1 1 1 1 1 1 1 1 1 1 1
"98" 1 1 1 1 1 1 1 1 1 1 1 1 1 1 1 1 1 1 1 1 1 1 1 1 1
"99" 1 1 1 1 1 1 1 1 1 1 1 1 1 1 1 1 1 1 1 1 1 1 1 1 1
"100" 1 1 1 1 1 1 1 1 1 1 1 1 1 1 1 1 1 1 1 1 1 1 1 1 1
"101" 1 1 1 1 1 1 1 1 1 1 1 1 1 1 1 1 1 1 1 1 1 1 1 1 1
"102" 1 1 1 1 1 1 1 1 1 1 1 1 1 1 1 1 1 1 1 1 1 1 1 1 1
"103" 1 1 1 1 1 1 1 1 1 1 1 1 1 1 1 1 1 1 1 1 1 1 1 1 1
"104" 1 1 1 1 1 1 1 1 1 1 1 1 1 1 1 1 1 1 1 1 1 1 1 1 1
"105" 1 1 1 1 1 1 1 1 1 1 1 1 1 1 1 1 1 1 1 1 1 1 1 1 1
"106" 1 1 1 1 1 1 1 1 1 1 1 1 1 1 1 1 1 1 1 1 1 1 1 1 1
"107" 1 1 1 1 1 1 1 1 1 1 1 1 1 1 1 1 1 1 1 1 1 1 1 1 1
"108" 1 1 1 1 1 1 1 1 1 1 1 1 1 1 1 1 1 1 1 1 1 1 1 1 1
"109" 1 1 1 1 1 1 1 1 1 1 1 1 1 1 1 1 1 1 1 1 1 1 1 1 1
"110" 1 1 1 1 1 1 1 1 1 1 1 1 1 1 1 1 1 1 1 1 1 1 1 1 1
"111" 1 1 1 1 1 1 1 1 1 1 1 1 1 1 1 1 1 1 1 1 1 1 1 1 1
"112" 1 1 1 1 1 1 1 1 1 1 1 1 1 1 1 1 1 1 1 1 1 1 1 1 1
"113" 1 1 1 1 1 1 1 1 1 1 1 1 1 1 1 1 1 1 1 1 1 1 1 1 1
"114" 1 1 1 1 1 1 1 1 1 1 1 1 1 1 1 1 1 1 1 1 1 1 1 1 1
"115" 1 1 1 1 1 1 1 1 1 1 1 1 1 1 1 1 1 1 1 1 1 1 1 1 1
"116" 1 1 1 1 1 1 1 1 1 1 1 1 1 1 1 1 1 1 1 1 1 1 1 1 1
"117" 1 1 1 1 1 1 1 1 1 1 1 1 1 1 1 1 1 1 1 1 1 1 1 1 1
"118" 1 1 1 1 1 1 1 1 1 1 1 1 1 1 1 1 1 1 1 1 1 1 1 1 1
"119" 1 1 1 1 1 1 1 1 1 1 1 1 1 1 1 1 1 1 1 1 1 1 1 1 1
"120" 1 1 1 1 1 1 1 1 1 1 1 1 1 1 1 1 1 1 1 1 1 1 1 1 1
"121" 1 1 1 1 1 1 1 1 1 1 1 1 1 1 1 1 1 1 1 1 1 1 1 1 1
"122" 1 1 1 1 1 1 1 1 1 1 1 1 1 1 1 1 1 1 1 1 1 1 1 1 1
"123" 1 1 1 1 1 1 1 1 1 1 1 1 1 1 1 1 1 1 1 1 1 1 1 1 1
"124" 1 1 1 1 1 1 1 1 1 1 1 1 1 1 1 1 1 1 1 1 1 1 1 1 1
"125" 1 1 1 1 1 1 1 1 1 1 1 1 1 1 1 1 1 1 1 1 1 1 1 1 1
"126" 1 1 1 1 1 1 1 1 1 1 1 1 1 1 1 1 1 1 1 1 1 1 1 1 1
"127" 1 1 1 1 1 1 1 1 1 1 1 1 1 1 1 1 1 1 1 1 1 1 1 1 1
"128" 1 1 1 1 1 1 1 1 1 1 1 1 1 1 1 1 1 1 1 1 1 1 1 1 1
"129" 1 1 1 1 1 1 1 1 1 1 1 1 1 1 1 1 1 1 1 1 1 1 1 1 1
"130" 1 1 1 1 1 1 1 1 1 1 1 1 1 1 1 1 1 1 1 1 1 1 1 1 1
"131" 1 1 1 1 1 1 1 1 1 1 1 1 1 1 1 1 1 1 1 1 1 1 1 1 1
"132" 1 1 1 1 1 1 1 1 1 1 1 1 1 1 1 1 1 1 1 1 1 1 1 1 1
"133" 1 1 1 1 1 1 1 1 1 1 1 1 1 1 1 1 1 1 1 1 1 1 1 1 1
"134" 1 1 1 1 1 1 1 1 1 1 1 1 1 1 1 1 1 1 1 1 1 1 1 1 1
"135" 1 1 1 1 1 1 1 1 1 1 1 1 1 1 1 1 1 1 1 1 1 1 1 1 1
"136" 1 1 1 1 1 1 1 1 1 1 1 1 1 1 1 1 1 1 1 1 1 1 1 1 1
"137" 1 1 1 1 1 1 1 1 1 1 1 1 1 1 1 1 1 1 1 1 1 1 1 1 1
"138" 1 1 1 1 1 1 1 1 1 1 1 1 1 1 1 1 1 1 1 1 1 1 1 1 1
"139" 1 1 1 1 1 1 1 1 1 1 1 1 1 1 1 1 1 1 1 1 1 1 1 1 1
"140" 1 1 1 1 1 1 1 1 1 1 1 1 1 1 1 1 1 1 1 1 1 1 1 1 1
"141" 1 1 1 1 1 1 1 1 1 1 1 1 1 1 1 1 1 1 1 1 1 1 1 1 1
"142" 1 1 1 1 1 1 1 1 1 1 1 1 1 1 1 1 1 1 1 1 1 1 1 1 1
"143" 1 1 1 1 1 1 1 1 1 1 1 1 1 1 1 1 1 1 1 1 1 1 1 1 1
"144" 1 1 1 1 1 1 1 1 1 1 1 1 1 1 1 1 1 1 1 1 1 1 1 1 1
"145" 1 1 1 1 1 1 1 1 1 1 1 1 1 1 1 1 1 1 1 1 1 1 1 1 1
"146" 1 1 1 1 1 1 1 1 1 1 1 1 1 1 1 1 1 1 1 1 1 1 1 1 1
"147" 1 1 1 1 1 1 1 1 1 1 1 1 1 1 1 1 1 1 1 1 1 1 1 1 1
"148" 1 1 1 1 1 1 1 1 1 1 1 1 1 1 1 1 1 1 1 1 1 1 1 1 1
"149" 1 1 1 1 1 1 1 1 1 1 1 1 1 1 1 1 1 1 1 1 1 1 1 1 1
"150" 1 1 1 1 1 1 1 1 1 1 1 1 1 1 1 1 1 1 1 1 1 1 1 1 1
